754 426 875
264 53 809
216 1463 223
203 1608 16
401 70 481
552 268 100
225 120 520
881 255 703
1040 286 759
251 59 228
84 586 72
168 1442 354
17 25 108
1831 14 574
285 156 537
5 26 616
61 1526 616
762 822 571
458 30 25
810 204 271
393 1012 877
336 1336 564
134 420 816
221 1073 868
3 279 393
193 84 63
13 51 191
82 9 558
81 269 372
441 233 705
339 131 545
1157 165 826
316 384 974
13 517 789
129 34 348
64 112 23
29 347 822
1409 259 436
330 758 844
328 5 806
307 42 504
941 1025 28
508 1138 703
411 693 789
251 311 900
727 152 873
8 53 774
58 583 226
749 468 221
1321 424 362
398 1009 185
520 750 845
41 579 69
611 166 330
635 937 766
319 1277 302
46 16 290
136 541 467
358 103 451
0 130 483
1272 2 686
547 456 157
636 1275 526
37 8 36
1356 40 381
827 601 953
69 26 762
1388 179 424
960 568 731
412 506 943
158 1351 731
618 1194 546
62 19 224
1110 291 862
386 510 750
570 651 556
200 521 330
1107 5 90
77 594 899
345 1589 515
958 1000 271
773 875 486
850 146 10
451 223 487
1426 27 381
1184 114 556
691 737 9
722 530 219
107 412 954
5 443 732
563 867 657
471 104 882
208 395 720
1380 61 29
1544 10 26
507 260 483
758 79 668
152 771 769
193 29 797
390 995 158
338 1024 911
637 507 37
1299 110 139
866 301 714
593 1181 210
944 629 117
1125 277 188
936 247 995
585 317 658
254 778 239
64 451 599
1051 725 221
256 47 50
129 139 26
26 1026 910
458 968 322
423 200 585
1219 571 638
301 152 414
203 106 986
105 733 75
441 348 565
840 497 743
829 364 970
1307 599 542
127 29 709
645 145 806
262 1025 780
734 176 799
186 643 659
522 638 786
893 594 146
714 1281 39
519 1248 581
785 791 208
1490 163 606
747 796 469
162 663 960
63 44 600
280 286 535
1239 134 530
293 462 45
1407 540 601
246 409 822
232 1703 178
550 104 387
469 100 103
50 655 144
1645 190 412
640 823 413
892 686 273
130 1291 799
346 54 119
819 375 248
523 226 761
68 55 687
818 388 827
558 1368 121
1371 133 973
244 35 617
1429 373 54
270 235 293
220 230 671
1069 52 294
71 6 456
45 41 736
193 574 364
308 518 380
487 53 499
137 28 237
521 278 160
1229 424 603
326 776 632
120 49 918
957 271 416
51 267 496
208 839 591
411 65 168
567 48 322
1310 133 833
13 3 619
1463 432 842
248 1244 807
65 368 429
675 242 979
344 1120 749
60 948 83
196 103 461
1448 439 186
4 437 716
139 19 798
623 583 204
204 20 888
360 247 197
566 316 396
484 723 518
424 190 978
12 226 176
1411 510 325
519 1035 892
206 419 862
262 91 255
26 43 39
343 307 7
5 638 437
71 29 802
227 254 977
786 62 881
325 16 596
823 856 45
655 980 983
1293 267 112
92 940 249
393 1201 55
437 223 218
76 1040 840
156 101 668
231 989 220
175 1602 475
748 181 575
373 515 954
383 604 24
230 503 325
348 46 844
1231 712 718
251 74 121
575 462 83
1722 192 301
1598 216 58
348 1010 121
267 790 892
130 1143 790
108 138 697
223 595 849
17 24 569
231 897 798
73 243 608
663 982 682
264 1656 578
38 612 47
700 1138 853
1106 138 63
427 812 629
56 815 483
1048 767 651
102 1748 205
26 618 263
195 255 899
523 262 10
20 1 391
463 274 630
1073 602 528
236 451 999
76 194 877
962 776 525
335 361 593
1020 419 161
433 1413 480
458 221 521
147 101 130
564 731 349
737 18 222
226 250 358
14 9 383
1171 618 630
53 124 465
781 467 199
46 1018 707
254 438 525
179 97 425
1506 392 241
108 245 360
986 765 595
226 347 881
259 528 749
1115 389 294
644 1075 272
1518 11 503
305 623 349
139 970 661
27 30 841
199 48 402
442 1020 150
772 1141 84
394 828 472
12 958 113
784 664 277
679 340 236
414 985 196
743 671 884
161 976 514
636 198 389
273 268 964
700 96 19
767 1125 319
286 1177 794
982 683 763
738 215 213
794 77 801
797 513 595
77 1399 714
1489 235 363
281 1007 884
1221 80 981
361 260 990
732 236 363
107 587 667
653 515 341
926 928 799
19 45 408
228 88 228
628 311 273
720 75 951
748 27 597
125 23 580
688 421 415
862 668 48
474 101 806
203 1700 135
614 937 551
314 769 554
392 199 913
554 374 854
1016 559 334
1234 242 801
989 206 292
549 182 703
201 1081 392
243 164 817
29 74 817
1113 587 45
1442 518 503
1114 595 167
86 1508 258
59 384 287
4 24 816
827 533 573
12 1838 763
85 530 543
80 1418 18
160 179 307
49 1153 888
41 18 416
55 29 493
109 811 331
81 52 790
286 68 770
949 596 718
166 1712 949
21 55 899
85 533 506
21 74 929
134 1437 758
249 191 926
255 480 475
7 11 885
12 727 453
64 23 464
260 1107 143
629 976 411
863 40 697
221 346 523
462 736 324
127 525 174
735 654 154
122 966 262
292 486 225
320 1526 181
1583 22 20
1149 804 826
291 360 465
104 59 613
261 202 795
189 148 740
814 477 214
666 1108 734
7 8 405
622 564 992
768 885 344
699 434 63
946 944 611
799 19 156
356 418 496
217 907 601
1058 860 748
299 742 213
1692 177 184
1216 657 923
639 414 198
1440 63 367
1133 633 406
158 14 375
24 630 600
758 691 528
164 1628 198
573 47 258
335 722 602
19 111 729
385 223 851
412 1504 243
318 1579 750
1025 281 258
1730 73 153
314 1114 236
945 496 459
366 950 652
312 74 175
826 106 362
785 902 806
1265 424 961
542 1220 988
7 177 328
989 336 771
766 1047 867
395 563 406
438 1061 836
456 319 955
424 103 357
686 79 608
172 830 350
959 537 961
399 171 967
894 265 369
1594 381 623
21 10 641
292 454 937
1618 278 25
131 495 322
938 883 493
280 292 991
166 67 980
102 88 280
264 360 889
1025 567 645
1021 591 426
379 39 566
518 308 424
1030 166 514
552 691 177
104 1151 243
1941 47 260
385 996 251
855 83 466
1 1 681
18 242 561
1 270 966
14 30 605
128 169 657
1120 155 976
525 638 585
1 0 520
146 772 759
37 455 636
948 992 616
69 252 837
407 1040 188
147 303 647
610 516 316
65 31 624
1720 48 378
266 1671 384
693 675 426
323 1643 788
376 264 866
666 873 363
84 1330 896
362 1528 294
557 964 837
334 322 221
533 364 49
28 504 584
568 538 672
1632 31 418
451 25 673
36 521 427
1381 435 124
1407 67 555
196 1375 549
1002 995 765
233 885 465
1586 407 500
78 776 689
7 41 743
417 583 253
767 982 859
536 381 382
366 1302 122
162 674 649
349 346 40
32 160 74
1619 329 828
226 1504 195
756 188 70
606 317 427
1021 475 881
472 56 711
378 576 43
73 213 474
1169 513 821
153 223 29
364 421 917
27 42 899
360 56 473
766 264 630
81 236 826
95 712 270
1360 166 718
778 203 301
816 1004 675
188 498 72
204 1288 30
78 2 108
345 50 548
320 53 809
654 461 563
174 96 782
471 1188 286
228 707 667
517 350 657
30 463 949
764 1057 545
272 1254 914
341 1131 525
348 56 71
100 746 620
1742 57 376
23 20 178
49 121 891
40 1263 761
101 6 524
845 20 641
1459 333 99
464 659 10
38 965 572
870 163 883
35 251 662
441 976 782
11 57 356
606 774 765
34 531 977
607 51 248
61 190 756
582 1007 461
1334 116 262
203 646 625
1032 341 717
125 180 350
163 162 630
31 50 421
211 689 216
223 768 36
175 1814 521
493 148 687
337 1502 183
423 1 18
82 1427 52
123 34 654
294 554 384
81 407 538
91 926 868
699 1020 507
456 523 234
1448 500 872
173 270 545
228 482 541
230 271 430
5 1835 606
1124 380 884
504 1051 174
299 318 591
942 96 640
249 983 914
154 182 720
952 159 604
82 297 680
1031 635 483
243 197 982
314 503 613
437 15 831
50 194 289
38 64 755
148 1471 369
124 124 219
28 34 113
162 78 374
56 1119 227
80 252 124
443 539 406
478 759 327
1419 286 206
755 812 238
96 1055 759
1091 684 418
72 128 113
254 439 5
422 1224 223
1034 709 498
52 948 787
1532 2 21
528 1343 185
12 13 898
281 831 118
55 13 635
887 172 800
192 74 13
651 806 204
856 98 597
548 862 477
244 67 81
117 70 750
227 245 611
1036 554 831
374 796 497
521 31 498
763 52 597
83 691 698
441 190 484
159 36 256
116 132 437
674 322 389
1005 803 338
951 681 549
171 54 144
64 1087 385
74 1270 622
6 1111 520
764 93 984
578 1176 442
25 178 381
43 35 64
269 1421 235
1015 691 126
19 20 7
677 114 615
345 144 647
1004 249 332
388 1386 539
1020 492 101
118 1013 453
23 49 498
571 123 267
1397 35 361
12 439 51
76 165 738
813 823 858
351 185 962
165 1127 846
171 174 10
920 129 84
228 162 221
416 707 724
324 1139 736
60 515 607
218 68 585
486 9 547
1023 872 962
185 94 339
354 747 415
1556 33 299
618 416 342
279 115 180
355 359 818
166 140 972
1215 588 483
24 13 167
1301 304 356
150 401 993
1036 439 578
36 346 405
1250 253 232
374 791 607
588 727 8
222 1040 473
1304 72 582
266 1016 995
23 1293 960
90 527 604
712 139 85
1675 105 804
322 4 120
557 482 992
1525 1 487
767 639 249
368 995 513
1407 423 800
701 282 896
433 1194 673
109 451 931
1258 528 813
66 310 145
62 669 275
394 105 117
144 1236 260
913 273 345
1472 443 431
966 371 670
395 872 943
887 950 574
399 45 276
799 49 548
264 1161 677
39 440 964
590 894 106
583 704 951
626 37 997
758 1024 146
43 1951 728
1924 20 143
555 568 342
671 282 62
339 1301 857
556 183 211
23 1612 996
352 303 536
621 84 745
321 33 614
655 748 410
637 828 538
946 511 428
368 49 622
33 135 313
194 120 362
867 729 958
7 36 889
1267 550 706
1197 522 378
1 31 510
87 72 421
759 605 950
488 836 242
18 1734 813
585 27 98
92 230 937
498 366 570
345 1187 330
292 708 179
36 46 94
831 57 289
95 15 5
435 206 482
183 985 248
30 17 170
481 1271 952
76 1446 682
88 462 467
75 952 425
39 545 756
672 711 625
422 671 346
77 1716 692
20 118 774
261 653 821
104 1333 944
423 205 491
678 625 549
779 484 362
3 87 92
129 281 832
185 1353 184
380 81 1
274 1038 303
29 766 97
1385 0 241
1169 149 526
1082 264 550
675 219 327
159 8 335
71 761 797
519 234 687
707 1145 732
874 321 93
332 386 726
177 674 412
120 123 536
354 1108 565
578 110 43
245 89 977
165 530 424
164 487 100
39 1216 818
98 176 843
324 1055 605
9 592 460
273 678 726
645 243 806
184 61 991
46 1213 745
19 297 313
802 208 333
127 1690 110
481 548 625
570 174 999
1594 331 360
19 356 511
930 997 223
1333 184 472
973 947 374
214 1086 219
259 58 398
279 767 487
151 285 911
573 372 204
1710 136 664
911 877 988
1748 223 117
1172 671 764
1112 360 221
76 412 69
386 777 923
217 176 894
113 857 247
250 40 244
110 126 942
141 210 84
94 358 975
31 242 97
308 313 802
706 70 226
913 311 949
204 93 566
919 771 333
0 1559 233
814 496 396
35 1248 722
580 264 949
1069 801 143
1552 163 437
712 514 977
97 13 516
133 70 466
690 1284 816
73 138 126
130 23 77
341 1147 250
731 221 492
766 757 366
122 1662 827
4 3 39
537 25 75
631 271 334
212 209 712
852 17 872
941 414 437
350 943 740
531 1388 80
9 317 509
22 162 598
450 1181 422
293 477 36
181 201 615
7 1770 437
178 738 931
16 163 40
97 19 334
620 315 690
1288 11 584
130 1682 467
318 174 616
1803 178 834
894 675 209
385 614 814
234 182 665
945 528 420
1 135 196
924 549 662
207 658 872
255 1453 132
271 719 409
964 1012 615
1634 15 957
495 913 234
603 458 671
72 1492 368
80 155 841
189 1099 426
921 907 484
147 319 834
1099 310 945
1181 678 927
336 864 973
1433 395 63
1527 325 32
105 533 17
348 568 835
257 1311 792
18 91 895
705 399 252
741 1233 737
870 743 993
77 913 233
286 679 634
48 790 927
62 108 258
227 1591 973
306 1145 386
673 234 683
156 790 201
99 1229 534
334 1013 597
1784 204 673
1692 105 621
1298 283 936
1 10 134
646 203 914
874 764 992
1870 78 467
154 1841 339
245 107 262
844 912 86
222 981 582
223 605 14
492 1003 570
1169 231 709
277 751 718
982 848 427
326 82 349
315 93 152
615 258 29
357 600 104
413 50 903
27 16 703
153 1050 431
293 1341 795
308 243 918
529 553 823
1073 389 431
1323 424 422
84 48 51
1131 257 400
61 451 957
894 118 481
484 76 837
368 469 540
54 1304 127
105 735 132
362 540 795
274 129 685
190 796 725
29 43 725
1030 742 148
417 129 950
458 849 220
157 335 764
666 399 802
20 240 119
973 17 710
61 398 685
130 907 522
392 416 479
218 25 467
553 188 269
14 734 804
87 667 318
110 1490 937
1086 455 669
1288 199 850
809 112 964
303 577 843
332 743 72
172 1183 152
292 929 784
331 1606 84
954 375 498
126 953 377
66 232 654
373 517 808
595 1024 261
1334 382 723
80 66 567
95 1730 955
950 795 711
85 170 679
611 286 233
1412 236 379
18 140 729
34 1947 344
475 53 704
151 1571 329
630 352 403
920 795 575
548 1310 622
347 1215 505
715 104 852
257 469 485
273 78 930
78 531 215
1366 330 26
944 206 887
1088 292 627
1383 356 395
556 201 796
354 547 14
609 359 23
414 1451 187
1325 388 489
996 503 604
54 47 400
569 141 248
495 18 890
98 21 879
519 195 894
1279 433 274
1218 731 232
382 198 713
495 1085 564
588 1034 907
390 128 503
1188 459 870
649 535 21
675 351 518
738 475 7
72 16 224
178 672 59
1048 23 110
529 786 6
122 1549 642
1785 12 512
118 89 514
120 189 311
1137 200 643
705 125 948
163 83 625
771 944 669
122 1390 724
79 34 1
99 420 69
158 175 115
39 270 479
132 371 961
119 45 618
91 728 967
863 822 456
281 810 223
349 1542 332
7 0 759
19 79 627
234 823 625
171 1007 889
682 374 376
10 125 361
1066 111 314
216 965 560
181 869 448
7 1427 777
495 50 722
23 1953 710
196 138 35
170 1120 230
698 917 646
314 46 375
4 3 332
772 756 786
115 146 122
778 80 860
803 631 391
668 669 344
334 244 966
173 168 820
315 400 357
1681 317 391
280 292 382
90 65 941
148 304 703
404 197 906
482 157 781
297 263 807
748 231 672
29 25 794
196 2 396
290 1300 225
223 67 661
413 941 993
73 673 599
174 120 526
456 172 298
769 80 477
594 1120 264
1101 495 123
1598 302 180
1397 370 126
43 111 494
103 199 494
1804 57 462
32 210 917
26 20 844
107 243 371
288 580 418
17 1754 27
83 238 712
1024 289 635
526 307 229
88 503 593
96 141 506
398 1348 732
216 81 910
764 915 336
87 33 334
254 46 147
441 771 188
563 51 273
720 144 19
691 1049 649
14 1859 739
46 81 879
535 455 982
1619 181 111
905 756 169
676 264 638
147 1357 168
947 703 222
50 407 572
1265 80 652
1241 145 671
23 431 19
55 1265 166
1381 171 741
162 72 83
1331 224 948
127 868 511
690 239 187
1241 716 514
1456 315 256
9 18 108
105 1180 959
459 606 21
237 601 761
279 210 295
66 1192 216
88 64 537
1771 229 939
344 146 11
1625 345 54
218 715 309
969 155 668
7 953 527
560 50 97
1402 303 526
371 410 490
231 222 219
1676 241 731
359 416 692
698 430 429
879 501 167
325 379 577
144 455 439
1177 578 436
496 1009 810
17 1765 673
257 53 583
144 275 537
52 20 833
263 21 595
874 103 865
1106 224 490
78 61 637
723 324 361
1129 560 924
33 501 758
856 763 87
18 880 949
511 614 887
150 1112 207
144 479 194
58 284 844
471 1177 275
829 1055 856
97 331 938
667 211 753
305 814 694
487 239 320
268 1592 910
281 62 761
13 101 246
238 356 168
527 498 505
610 693 481
657 1084 112
464 161 247
134 447 283
135 739 648
208 1255 1000
68 171 886
377 496 726
56 277 362
1095 540 541
218 1017 956
112 3 800
612 1388 266
66 14 867
765 554 521
1078 126 124
543 354 340
653 909 23
1503 61 363
243 282 590
35 1564 658
289 307 906
1399 412 860
1385 502 808
53 1299 119
205 989 18
1474 505 238
175 204 129
11 706 168
64 1461 651
38 713 312
862 347 165
245 1211 259
343 470 795
1126 202 225
1495 422 899
391 54 575
148 69 44
1227 30 717
525 955 871
411 148 449
204 318 154
119 197 293
105 45 896
70 290 749
1095 678 822
796 246 610
1462 203 94
26 13 595
48 1399 700
845 102 482
1140 131 256
550 124 521
335 1464 139
776 34 298
69 435 741
18 465 168
11 104 324
271 1040 631
1177 139 669
353 960 913
46 629 624
1145 343 357
305 182 431
1099 792 31
605 83 471
216 1251 515
72 196 382
474 777 448
1219 267 101
547 558 958
52 457 393
651 944 405
142 290 730
58 591 832
655 688 281
1326 245 974
235 98 831
905 1061 2
28 28 873
29 31 928
593 985 399
1782 211 414
1148 78 996
78 3 154
969 309 257
31 77 19
754 368 451
62 1096 323
1065 721 685
767 481 160
31 425 14
506 596 403
808 769 499
261 59 106
563 929 106
1473 114 20
893 440 610
31 1036 85
649 543 519
141 693 405
1335 147 355
807 390 423
471 762 890
389 543 329
55 47 190
1355 152 834
197 91 58
119 636 693
811 5 146
673 95 934
307 1460 739
936 988 400
747 1072 20
386 866 403
404 195 333
82 1481 10
14 1374 314
1261 631 833
33 949 614
106 132 320
80 7 827
65 158 685
1344 460 963
729 455 293
137 141 302
300 939 276
266 1488 951
1329 599 792
233 930 661
358 479 754
79 684 75
162 618 948
120 853 190
392 199 415
358 431 486
592 22 639
21 16 942
917 1065 321
355 281 447
122 282 582
367 446 245
1 32 782
463 753 333
21 3 58
1694 95 210
174 1 143
453 1011 206
17 0 875
505 582 570
459 534 887
1123 112 990
91 67 527
268 608 482
141 156 130
616 585 177
853 918 321
801 74 791
279 62 702
656 1307 134
382 1453 816
1421 86 44
1264 328 15
544 145 537
746 52 468
1289 266 65
152 1846 960
22 11 848
12 664 721
525 690 716
87 232 51
245 211 532
48 13 415
572 118 958
345 1353 871
660 196 792
1273 459 499
329 438 595
409 344 425
218 577 740
723 304 983
176 157 319
575 489 526
120 364 94
87 385 831
17 78 597
202 398 618
364 61 87
269 1192 148
79 701 95
515 481 604
686 12 91
363 279 238
833 209 971
48 865 375
196 358 352
268 318 793
678 726 887
89 1273 612
949 754 956
1057 683 916
297 213 930
305 395 876
159 340 510
40 933 411
216 274 52
1646 220 255
4 1232 694
397 374 542
772 955 544
292 85 481
1713 184 846
26 22 850
987 339 753
342 293 194
495 9 339
355 960 480
820 746 425
240 976 194
1996 4 273
250 1098 686
199 671 417
74 296 75
187 1196 368
1425 433 318
353 528 317
202 1231 187
263 535 350
75 134 792
823 130 177
623 516 274
302 31 295
1444 241 557
223 260 288
25 1941 50
555 279 152
1543 235 452
246 4 175
629 139 421
246 68 871
106 87 290
860 248 370
425 122 863
154 655 449
843 231 177
1732 88 763
998 381 184
233 1228 134
810 517 36
511 148 165
10 8 269
216 73 273
181 31 671
604 993 382
22 1759 399
439 1240 336
428 939 386
129 4 1
136 179 707
63 1656 259
120 401 810
54 187 43
849 374 342
556 936 224
1026 915 198
529 210 304
566 268 606
1727 164 848
1420 565 757
365 678 139
316 412 637
782 249 929
519 799 227
3 1882 129
938 570 192
972 878 338
433 1072 346
118 118 537
1301 359 644
5 52 491
148 26 927
377 595 499
997 766 66
506 1063 559
964 132 494
383 253 73
386 547 909
1655 227 83
1191 263 769
52 209 528
818 886 603
336 702 418
48 1009 846
360 227 108
67 1460 209
380 290 571
227 1057 994
448 300 361
430 1073 527
204 1192 979
197 1369 449
132 269 226
1466 86 617
812 308 112
2 261 93
701 1047 970
723 154 281
550 335 708
1197 145 986
332 144 381
650 124 107
253 20 588
513 735 497
310 457 915
1608 211 904
409 68 312
123 1603 754
32 890 140
970 60 961
123 364 966
989 114 596
146 202 750
482 1171 738
4 57 908
123 1501 549
17 320 931
1141 819 473
443 659 394
203 292 133
1174 649 922
530 556 125
1257 336 986
388 4 392
646 360 826
894 611 553
1015 979 6
1081 122 502
71 1455 738
978 285 454
886 38 742
717 936 130
370 758 423
16 188 721
256 747 736
129 91 517
13 19 732
433 342 124
579 931 19
612 768 543
558 111 914
73 695 477
1016 732 424
1101 292 475
979 539 243
443 124 308
859 692 161
1053 511 548
283 1009 122
8 96 314
1120 111 956
1165 253 223
534 309 428
721 1108 834
185 13 777
87 697 320
41 1323 111
459 797 161
946 370 206
1134 227 472
643 381 35
1047 541 580
247 356 262
119 901 758
58 2 468
205 1107 228
3 1446 815
158 827 794
13 2 92
910 53 464
1267 389 126
119 549 827
255 38 329
424 579 466
418 240 308
890 69 566
483 463 821
517 17 596
159 742 800
1310 73 790
123 12 50
40 408 759
33 80 170
792 369 751
522 1015 813
1573 286 272
1657 10 537
52 621 937
686 558 800
200 119 61
1316 194 231
1243 269 616
1033 632 215
28 76 755
244 957 275
0 6 707
152 220 147
1 591 134
99 369 529
1106 327 101
1158 227 1
84 1 443
205 1215 814
355 1312 456
1076 59 89
228 500 739
1012 720 246
1063 862 174
525 62 218
67 76 930
44 18 175
173 75 997
1142 723 974
537 984 172
347 1263 21
256 1534 541
53 356 167
785 140 114
1391 76 805
226 133 217
221 8 695
115 168 543
248 1554 890
75 226 538
3 287 829
327 531 494
579 577 527
403 726 447
663 249 303
33 110 78
1327 262 397
172 546 269
10 641 903
145 164 103
319 56 263
726 73 852
697 678 11
124 231 334
388 396 108
286 422 246
34 31 211
325 429 504
753 308 667
78 326 621
1692 289 613
465 452 400
318 288 918
395 766 659
235 353 698
693 213 934
820 1159 269
961 157 358
468 735 227
60 1459 6
285 190 474
50 48 62
108 738 615
154 1033 581
108 818 886
665 1204 884
572 620 50
1770 28 890
1376 604 981
954 754 753
67 323 341
680 216 978
199 48 835
328 73 65
822 346 938
862 631 213
574 841 112
661 48 126
88 181 155
128 215 703
473 720 271
192 751 206
1212 334 73
13 161 859
86 79 181
8 597 355
660 1186 596
490 864 958
122 13 489
212 1369 84
7 5 523
553 222 470
1919 58 808
395 979 398
1457 339 151
1641 64 629
1092 392 650
432 1158 52
381 297 416
18 185 457
1745 163 347
805 175 734
29 889 86
1520 198 374
1078 748 954
41 919 477
657 409 80
1849 136 429
467 329 528
125 162 453
266 1568 43
98 1325 650
31 21 848
667 853 832
578 542 388
385 600 758
273 571 83
709 1100 545
230 384 224
121 1658 246
450 1026 809
119 1841 770
1271 404 634
726 154 604
943 399 447
1136 23 430
194 88 366
609 540 162
625 315 793
192 842 772
730 1198 718
465 979 315
152 111 203
1440 294 827
543 829 132
48 42 834
943 237 951
685 317 807
1145 849 860
3 271 61
883 308 352
442 185 358
357 139 667
1132 271 88
387 622 718
906 217 300
526 357 703
382 650 753
153 655 259
373 158 441
667 117 891
846 244 593
399 154 454
1 146 793
242 214 896
2 20 167
51 146 623
478 344 296
448 293 22
1266 565 24
268 46 25
225 347 743
22 375 160
883 252 435
336 590 648
1326 205 308
1348 249 50
732 407 2
265 1273 912
245 341 658
222 607 957
409 1401 813
51 97 832
77 217 166
1087 59 511
1203 525 641
208 51 388
779 197 384
948 349 341
115 416 705
1301 463 479
15 181 148
42 54 601
177 1747 905
332 497 117
490 325 208
328 1375 923
217 184 108
1272 282 5
334 366 496
66 555 769
530 83 280
40 457 620
67 263 486
1030 169 398
868 433 908
1236 156 286
72 77 729
1011 478 733
1373 270 553
42 247 694
69 126 653
1458 206 463
972 196 18
272 758 174
712 495 380
10 1023 940
57 8 881
483 604 975
409 304 193
789 301 201
198 914 986
631 39 725
269 1532 276
345 602 63
1150 289 3
232 397 986
510 1402 128
642 638 684
354 670 773
399 26 337
605 173 974
348 222 833
421 1163 85
535 4 965
24 1087 549
565 970 424
304 902 434
167 41 558
1634 146 250
1 134 125
7 1213 220
30 41 112
218 339 164
98 83 848
536 418 149
448 449 396
3 141 882
152 1071 369
952 323 38
1160 468 429
389 273 563
197 389 139
217 1567 944
83 287 275
599 1357 952
382 117 492
130 72 662
193 226 540
414 1128 759
1025 523 345
128 318 807
96 882 576
25 72 392
782 888 488
487 605 665
779 303 327
399 1214 396
34 534 204
940 866 236
1190 666 353
1234 290 444
787 1038 195
1280 209 574
1077 910 223
1331 131 823
384 226 494
787 1191 616
8 9 276
1059 251 395
654 1161 573
57 970 782
95 832 203
294 1350 11
974 657 474
57 1433 117
569 20 893
185 16 977
1441 66 551
611 303 583
3 85 710
266 263 508
23 98 926
77 1592 972
1 4 817
215 342 403
102 1344 238
80 710 733
825 643 780
887 463 28
913 533 276
123 528 917
1256 241 35
484 176 982
221 1454 100
0 141 27
88 97 379
781 212 29
592 275 35
2 281 846
407 916 712
63 583 635
48 1737 281
425 650 917
1133 451 223
25 493 271
398 789 705
1132 272 60
972 195 839
91 1405 862
899 618 927
52 638 795
204 1264 405
1047 409 59
1647 188 569
1204 56 212
608 978 355
4 3 181
7 945 754
56 196 570
48 1836 616
64 1632 443
54 1364 910
1646 163 775
136 312 53
655 1000 546
1096 395 930
1724 215 579
823 130 869
67 293 848
461 622 730
671 647 135
1400 338 969
1 79 459
169 241 959
1315 204 816
39 44 535
159 7 38
1512 79 228
624 690 490
126 185 496
1213 148 912
217 189 676
127 690 833
171 107 659
189 147 895
368 963 464
89 1010 871
485 526 208
398 376 911
1322 481 592
963 141 805
416 114 582
1122 431 7
9 129 911
790 925 86
62 269 431
515 417 762
262 1357 343
104 817 76
297 347 141
99 170 384
287 312 603
202 399 135
13 21 549
590 636 649
198 443 610
770 594 225
153 1360 944
764 30 320
379 108 833
636 441 440
341 1232 377
786 112 39
209 93 978
1134 99 969
246 204 457
604 1082 679
23 474 92
171 152 146
40 118 715
451 471 801
1154 799 53
139 287 6
809 142 724
797 501 930
163 309 15
456 1524 860
136 175 361
88 28 326
578 73 526
111 74 934
0 4 589
651 620 213
1161 425 198
137 110 377
528 1386 291
959 170 894
76 1011 933
881 1011 131
212 140 326
860 488 212
57 86 327
244 1077 33
988 806 802
43 36 691
712 1016 77
540 545 726
1557 282 554
1502 493 524
654 1132 943
87 273 396
146 183 277
493 1445 449
183 362 77
3 42 926
12 1755 46
612 1114 273
316 496 429
241 54 794
113 47 951
859 700 303
0 0 0
