100
27698
3823
19661
4487
14720
10847
9973
23111
5657
1568
1490
13669
7350
7787
6817
23993
8641
21571
12491
16242
27212
24304
21158
2478
7235
27442
11484
19233
17675
27064
18384
3365
2653
25237
3
14848
4934
27847
6611
12084
18395
1176
18854
2574
18743
3460
7220
15652
19603
22812
16910
27451
13148
18207
18080
12405
4277
526
18160
5518
5783
9173
21448
13595
3500
8765
6293
12264
7327
22106
10434
27766
21701
1262
21146
4338
27382
2575
7542
6435
24096
5375
23801
18105
11371
28021
665
15971
6915
16890
21206
5156
6749
22462
13584
20755
12680
13329
24034
14894