210
77841374955853
3531696826961
100001299949
1000609937
8223372036854775841
10000000000000333
331226869951
3531696826961
100001299949
1000609937
8223372036854775841
10000000000000333
331226869951
9293124877756151
27039683174594548
3531696826961
9293124877756151
1809679
2569849
2942509
3115367
3293951
3469043
3808201
4566197
6594901
7262741
8426251
8875067
11569507
12431101
14973047
20760119
20840899
22589837
26290571
32623813
37908601
41165611
52294763
60095729
64940959
71726569
103816283
104754649
211832821
314459137
375957443
438424279
480358751
546013739
616821769
843552299
2153527171
9207818651
9535269647
40100030743
129669709111
38503
917154911
917084617
2083372023534909997
2176151660844999583
270396831745945481
2063512844981574047
3232323
727272727
919191919
765404567
987101789
77841374955853
3531696826961
100001299949
1000609937
8223372036854775841
10000000000000333
331226869951
3531696826961
100001299949
1000609937
8223372036854775841
10000000000000333
331226869951
9293124877756151
27039683174594548
3531696826961
9293124877756151
1809679
2569849
2942509
3115367
3293951
3469043
3808201
4566197
6594901
7262741
8426251
8875067
11569507
12431101
14973047
20760119
20840899
22589837
26290571
32623813
37908601
41165611
52294763
60095729
64940959
71726569
103816283
104754649
211832821
314459137
375957443
438424279
480358751
546013739
616821769
843552299
2153527171
9207818651
9535269647
40100030743
129669709111
38503
917154911
917084617
2083372023534909997
2176151660844999583
270396831745945481
2063512844981574047
3232323
727272727
919191919
765404567
987101789
77841374955853
3531696826961
100001299949
1000609937
8223372036854775841
10000000000000333
331226869951
3531696826961
100001299949
1000609937
8223372036854775841
10000000000000333
331226869951
9293124877756151
27039683174594548
3531696826961
9293124877756151
1809679
2569849
2942509
3115367
3293951
3469043
3808201
4566197
6594901
7262741
8426251
8875067
11569507
12431101
14973047
20760119
20840899
22589837
26290571
32623813
37908601
41165611
52294763
60095729
64940959
71726569
103816283
104754649
211832821
314459137
375957443
438424279
480358751
546013739
616821769
843552299
2153527171
9207818651
9535269647
40100030743
129669709111
38503
917154911
917084617
2083372023534909997
2176151660844999583
270396831745945481
2063512844981574047
3232323
727272727
919191919
765404567
987101789
