98
1
0 4 3 0 1 2 0
2
3 0 1 2 0 4 0
3
1 2 0 3 4 0 0
4
0 1 4 2 0 0 3
5
0 4 1 0 2 0 3
6
1 0 0 3 0 2 4
7
1 4 0 3 2 0 0
8
0 0 3 0 4 1 2
9
2 3 4 0 1 0 0
10
1 0 2 3 0 0 4
1000000000
0 0 4 1 2 0 3
24130007
1 0 0 2 3 0 4
36508119
1 4 0 0 2 0 3
69199959
4 0 3 2 0 0 1
13341323
1 0 3 2 4 0 0
83571670
0 0 1 2 3 0 4
54949900
2 0 0 4 1 0 3
35360232
0 1 2 4 0 3 0
45045190
3 4 0 0 0 2 1
85556847
1 4 0 2 0 3 0
51437264
1 0 0 3 2 4 0
10429029
3 1 0 0 2 4 0
15487927
2 4 0 0 3 0 1
54154642
0 4 3 0 2 0 1
46157044
1 3 2 0 0 4 0
60848690
2 0 1 0 3 4 0
3398015
0 3 0 1 4 0 2
45402521
0 1 0 2 4 0 3
71759483
4 0 3 2 1 0 0
53908123
4 0 0 2 1 0 3
93823607
0 3 4 0 1 0 2
751026070
0 0 3 2 4 0 1
644496694
2 0 4 3 1 0 0
694229731
2 0 0 3 0 4 1
832949785
3 1 0 0 0 4 2
430504451
0 3 4 1 0 2 0
382439385
0 0 3 2 1 0 4
519771282
3 4 0 0 2 0 1
161747029
1 2 0 3 0 0 4
548797121
3 0 0 1 4 0 2
546367788
0 3 0 0 4 2 1
812310542
3 1 0 0 0 2 4
883990232
1 0 0 4 0 2 3
193551820
4 3 1 2 0 0 0
621771959
4 0 0 3 2 0 1
164926117
0 4 0 1 2 3 0
376582530
2 4 3 0 0 0 1
676342935
0 2 0 1 4 3 0
448550992
1 0 0 2 0 4 3
604269760
0 0 0 3 2 4 1
930150632
0 2 0 0 1 4 3
195789482
3 0 4 0 0 1 2
475970333
0 2 0 1 3 4 0
726880068
0 4 1 0 0 2 3
347461390
0 0 1 2 3 0 4
143976882
0 2 1 3 0 4 0
393187680
0 0 3 2 4 0 1
647954696
1 0 3 0 4 0 2
785004925
4 0 3 0 0 1 2
561175791
0 1 0 2 3 4 0
965062109
3 2 1 4 0 0 0
526612212
1 0 4 3 0 0 2
166183838
0 3 1 4 0 0 2
525184453
4 1 0 3 0 2 0
214559134
0 2 1 4 0 0 3
674661620
0 3 0 1 2 0 4
561665163
0 0 1 4 0 3 2
442446527
2 1 3 0 4 0 0
664441137
4 1 2 0 0 0 3
470221985
0 4 3 0 2 1 0
690886124
0 0 4 1 0 2 3
626604066
0 0 2 1 0 3 4
858521168
0 1 0 2 0 4 3
945146314
0 0 2 3 4 0 1
209450412
4 0 3 2 0 1 0
685279278
0 0 1 0 2 3 4
501492923
0 0 3 2 0 1 4
338647366
0 1 0 3 0 4 2
548724472
4 2 3 0 0 0 1
878930873
3 0 0 1 4 2 0
606960742
3 1 0 0 2 0 4
623586990
4 0 3 1 0 2 0
107714898
0 4 2 1 3 0 0
359689194
4 2 0 3 0 1 0
250123551
0 0 2 1 0 3 4
157674890
2 0 0 0 1 3 4
965504282
0 1 0 2 3 0 4
476585065
1 0 3 4 0 0 2
849635325
0 4 0 1 3 0 2
903802296
4 0 2 0 3 0 1
269259741
0 4 2 3 0 0 1
343279899
0 3 1 4 0 2 0
320732736
0 4 0 2 3 1 0
584872468
1 4 0 0 2 3 0
751595451
3 0 4 0 0 2 1
679058377
1 0 2 4 3 0 0
981930515
4 3 2 0 1 0 0
999804329
0 4 0 3 1 0 2
