100
966913 61191
268674 1 68468888 586725
846006 1 1 846007
656498 611934
343034 488 792148012 932625
221462 875 682021079 424911
974463 563479
215701 1 207398164 493841
497019 1 1 497020
994039 392159
739886 1 1 812966
447326 1 1 447327
153 316
246 793 665342333 558
110 937 683957056 168
877191 273140
407781 257 780563648 845696
75728 648 316419101 505008
924667 489084
810256 1 1 898855
893284 1 1 893285
997210 981906
225523 1 615548091 491789
888089 1 1 888090
981328 533516
875581 1 1 969665
949677 1 1 949678
943108 3811
335807 241 439358150 743598
399905 411 555411910 420780
851269 431876
711285 1 1 788404
410989 1 1 410990
829654 705691
133181 1 1 780267
926793 1 1 926794
1000000 800000
999999 1 999999 1000000
999999 1 1 1000000
935237 648377
248141 1 822215472 491893
853818 1 1 853819
923299 504895
833429 1 1 921433
838403 1 1 838404
944945 46898
198715 1 335435885 428337
475642 1 1 475643
875951 884523
264431 1 538662922 470061
824182 1 1 824183
1000 700
1 1 1 1000
999 1 1 1000
130341 330454
563115 370 450786825 758881
304288 556 982092340 599241
823663 376283
737979 1 1 819212
827760 1 1 827761
1000000 987525
888888 2 7 987553
899999 1 1 900000
1000000 800000
1 1 1 1000000
999999 1 1 1000000
953968 482282
797443 1 1 877597
463620 1 1 463621
1000000 703269
266243 1 431914268 522733
30801 836 887822703 48976
806720 318665
589859 1 1 654919
401086 1 1 401087
848843 683624
151488 1 1 846507
853492 1 1 853493
8866 328751
212383 1 690892993 401763
572197 461 725937302 825178
915872 30640
198327 1 15572078 490053
461267 1 1 461268
998817 454549
775001 1 1 848065
713905 631 235926183 898793
941464 544663
495526 1 1 933633
854502 1 1 854503
254750 995696
3919 229 826950839 284758
95023 28 577156170 146068
1000 982
621 2 7 997
899 1 1 900
893420 377094
684443 1 1 744326
321006 384 523820163 409214
826629 21878
586839 946 522326819 655656
611361 800 146190881 996238
903597 681663
264212 1 759637723 540352
21025 873 261994205 77583
846993 614684
429470 1 1 836051
831067 1 1 831068
880738 748140
156799 1 1 818983
836434 1 1 836435
199842 899996
5248 56 613029692 867327
25727 46 501096480 101073
10 13
28 931 601463 36
231 539 556432 258
1 335644
246918 1 661497361 432651
498122 610 963110079 852046
907490 626753
435012 1 1 861266
823607 1 1 823608
1000000 850509
888888 2 7 987553
899999 1 899999 900000
985786 708285
244096 1 391566971 504795
876327 1 1 876328
996177 853182
168745 1 1 960190
884563 1 1 884564
1000 999
1 1 1 1000
999 1 1 1000
817823 531200
145375 1 1 727866
169265 26 682853566 943127
926813 49161
232858 1 906943886 498145
462806 1 1 462807
973827 823098
225319 1 917562643 516915
493414 1 1 493415
815356 631985
124536 1 1 770537
848266 1 1 848267
983938 17605
298246 1 832084752 573277
109718 1 1 109719
957944 821100
223997 1 873448112 441217
68160 1 1 68161
6 5
10 1 3 17
5 2 7 19
845641 583490
3605 858 405884109 3623
5883 358 987198877 11899
951505 453930
185728 1 461339773 457732
64215 1 1 64216
853647 1436
258647 1 383629689 456898
60094 1 1 60095
990049 876799
169146 1 1 973064
873394 1 1 873395
911657 809811
155186 1 1 901354
824605 1 1 824606
1000 999
999 1 999 1000
999 1 1 1000
1 731909
266045 1 438318284 471255
39926 725 489028580 62982
872936 22425
308211 1 694266484 595385
485060 1 1 485061
883872 766375
173351 1 1 877924
827597 1 1 827598
884742 608999
420406 1 1 836915
814365 1 1 814366
812799 913979
206500 1 419778445 411462
419631 1 1 419632
974214 89360
226961 1 904309070 518909
873526 1 1 873527
986152 799253
195396 1 869967197 460758
59723 1 1 59724
880501 589
309879 1 732663207 545798
831072 1 1 831073
291607 876034
155683 792 454865116 968098
906395 39 633325508 936910
930801 863212
219972 1 357247857 541334
470786 1 1 470787
879241 586761
149320 111 175706124 776749
8523 340 313513549 570189
909801 272715
250080 1 24433298 594967
806130 1 1 806131
920105 813490
144145 1 1 894680
807274 1 1 807275
967372 93769
223809 1 114582093 498098
92420 1 1 92421
1000000 952841
220195 1 463798317 427450
95932 251 729255837 659095
1000000 194
218400 1 539384683 437868
362667 890 841004318 878434
989068 754879
260685 1 859849033 488480
106606 1 1 106607
555829 854621
726927 107 636431513 895173
219678 42 2333018 960163
983709 431326
794523 1 1 879048
260284 982 975218440 949934
906579 525396
531519 1 1 902117
463296 1 1 463297
115160 299932
546103 786 703419977 623753
47699 306 474219346 796710
108741 39824
452194 788 321310691 920026
178385 339 729315740 501677
903716 701244
266257 1 591482900 555149
194106 109 254456088 526185
887883 760865
153591 1 1 846397
832538 1 1 832539
152090 736283
290561 745 123026616 427409
378911 892 68280284 700013
908435 430675
790897 1 1 869568
454939 1 1 454940
921811 611203
248194 1 760806483 438842
990106 1 1 990107
988590 474923
470058 1 1 939287
492146 1 1 492147
929679 526790
424604 1 1 778013
819006 1 1 819007
859606 743634
148820 1 1 817448
851319 1 1 851320
813463 684666
129642 1 1 795126
921489 1 1 921490
875259 716454
142581 1 1 848430
811258 1 1 811259
865025 4108
255175 1 843690035 476028
81851 1 1 81852
593996 33015
48654 800 170785866 52347
34148 845 619665595 319667
1 395
18 246 615815 60
73 228 14618 195
927939 660073
244137 1 806984567 474183
808129 1 1 808130
905365 760337
142346 1 1 847915
821032 1 1 821033
980084 238342
281516 1 886414139 575932
433949 1 1 433950
891602 449208
786030 1 1 873175
823563 1 1 823564
704 381
610 173 693509044 967
639 130 371505459 953
1 140808
273332 1 455952631 531904
201276 952 25006400 596194
962152 490913
868747 1 1 960405
859415 1 1 859416
