3 3 2
0 0
10 0
0 10
20 20
20 0
0 20
5 5
15 15
3 3 1
0 0
10 0
0 10
20 20
20 0
0 20
40 40
2 2 2
0 1
1 0
2 0
0 2
0 1
0 2
3 3 3
1 1
1 1
1 1
2 2
2 2
2 2
1 1
2 2
3 3
3 3 5
0 0
4 4
1 1
0 0
-5 -5
-1 -1
0 0
4 4
5 5
-3 -3
-6 -6
2 1 4
-8 -1
-9 4
-4 -3
-2 -10
-9 1
9 -2
5 6
3 0 3
-8 6
-9 6
2 6
-7 9
0 7
-3 -9
30 186 96
-265 198
200 383
143 -197
-284 444
-32 52
-60 -61
208 32
-49 -84
404 468
37 -296
-288 105
-291 212
288 -45
56 -462
-76 -398
300 -232
342 -150
-157 0
-367 -16
227 -251
189 -209
14 357
-228 -414
-447 465
359 367
-29 -220
493 -430
25 180
-92 280
382 272
-461 333
373 -129
371 381
-135 -285
-35 195
486 282
138 344
430 -1
-346 410
-34 174
454 -488
-417 438
-193 446
-85 -202
-431 216
-262 487
-142 300
180 -390
-485 419
-197 235
16 -330
-487 -211
-22 344
254 134
-193 132
145 -281
347 451
87 228
-475 345
60 192
179 286
85 -12
-212 227
-165 455
190 494
-336 139
118 396
240 368
1 -405
228 -317
-408 -2
-51 -128
290 130
-26 226
-83 5
-210 -467
-289 286
12 65
20 -1
-8 38
367 400
-15 -154
-286 -16
79 -276
-403 215
404 497
-442 -310
10 -458
268 348
-457 484
-484 375
161 -477
89 418
-84 363
-100 299
198 98
445 -234
250 -318
-403 -342
63 -481
206 385
265 -344
-302 265
112 -226
-243 156
31 -155
-131 464
381 382
244 458
256 487
85 -356
-400 -357
-485 -281
-433 41
-250 -388
498 -180
-23 456
220 -48
227 -135
-479 -478
-133 484
448 -258
-377 236
-117 18
5 57
201 329
472 -411
499 -8
-468 488
290 -435
-115 -218
428 -23
430 52
418 148
170 156
-171 129
61 227
-347 -224
-15 -126
431 36
-445 490
269 -178
314 -474
204 267
22 36
8 -316
161 97
-351 -65
273 90
436 257
-425 -58
360 -235
-269 136
-491 -488
48 216
-105 130
452 -207
-180 -337
120 -45
181 214
398 -359
239 379
-186 -251
29 388
144 -414
-281 -345
-80 -91
-456 -422
281 -159
248 244
-437 -172
122 -358
497 206
-340 132
-465 116
258 32
-90 124
63 -4
-427 -86
-309 -409
-254 -93
316 -90
-322 -144
-112 360
-207 459
477 -365
468 -144
-439 -212
110 464
-230 413
-56 146
460 -473
-287 44
459 22
-197 -214
193 -351
-251 50
96 8
-443 -383
266 484
309 -460
-104 242
221 -33
-380 -352
-440 -170
166 -110
-83 -306
238 125
337 -180
106 -114
-275 -360
-120 489
-314 -26
-219 476
150 434
474 -454
289 -42
425 -130
-292 -301
29 -455
-375 -232
-348 -305
10 -267
53 80
467 -153
-323 -341
338 -309
-144 57
32 -476
458 137
184 -319
-170 432
492 -338
-139 445
180 390
-343 80
275 306
-462 500
79 476
-488 91
-60 -265
-73 -311
-64 -222
493 -27
-391 158
30 450
71 -17
-165 360
304 -248
332 196
467 -326
480 179
178 -69
-94 -483
-202 -243
-8 -392
488 239
207 109
-419 -77
-419 199
-162 382
-446 -199
-340 100
42 -110
276 154
328 -126
-448 242
-327 -3
-296 -79
-132 -231
-122 3
432 360
-341 -135
-21 138
-474 431
2 -250
51 -446
-156 57
137 -99
245 77
141 -88
345 -237
260 193
304 -483
477 465
-343 -329
222 -146
-90 -412
-84 381
311 389
329 -58
-314 -187
60 -121
-30 31
298 -304
108 -286
-23 -62
321 -358
-341 428
82 125
296 327
-320 239
327 17
-413 -220
359 433
-436 89
92 187
256 -250
-29 -349
-153 -275
-60 -232
206 145
96 40 153
-443 108
128 -396
-43 470
-329 344
249 125
485 -377
-87 45
-130 95
377 122
385 -244
477 492
50 -204
-67 278
-385 110
-187 -295
3 -459
-355 -440
-470 -369
165 -207
108 -299
-486 -396
149 92
377 -382
-70 209
155 254
-65 -186
110 -179
-401 175
-216 233
438 405
447 -212
-152 -369
-238 282
265 -122
-230 117
221 -127
155 -216
-408 -441
-42 32
476 22
336 -387
-66 -400
275 -365
369 -277
-372 250
-463 -4
127 265
-264 -115
-46 79
387 -499
-436 224
198 107
-143 219
441 291
-188 315
118 416
206 339
474 243
466 -329
421 342
-472 284
-262 148
223 155
425 -25
-24 -324
400 311
-393 -270
449 -212
-422 -346
470 80
-5 -110
-272 -223
-481 392
-438 393
-76 176
-351 173
-180 -48
298 -112
53 233
410 222
32 219
449 -1
287 -171
-16 87
-334 55
446 -357
-80 -148
-257 364
-54 -370
-4 -195
478 371
-488 145
223 -203
-471 310
31 466
184 129
319 253
-418 132
410 105
-340 -244
-101 -425
-73 296
-151 9
139 170
475 -14
-144 -366
-30 452
439 -132
369 383
349 159
478 -411
343 -278
355 296
-409 115
371 -46
29 442
-73 460
-32 457
-184 -34
452 298
432 -209
433 -193
-134 -409
165 62
411 -266
-177 13
235 388
-126 356
-340 -221
233 -35
-94 221
180 453
409 23
489 339
136 -276
-295 441
438 -243
-461 329
-110 494
418 204
407 491
378 432
287 -169
111 -249
-94 138
-452 -467
486 2
-476 -81
-243 84
-1 204
144 393
340 -106
-278 -229
-235 379
82 -198
483 -318
-387 -322
10 361
302 91
419 311
34 399
-100 467
-115 20
294 -385
319 142
-276 483
-123 -348
-77 255
133 -211
-218 -122
-249 406
-417 -236
315 -446
-165 -217
-407 -193
396 -247
411 128
338 486
-400 -205
128 -179
-196 109
261 42
-204 -129
-150 375
443 120
25 132
87 -307
439 -202
82 -409
-102 -227
-283 -135
493 484
470 -373
-78 330
-349 260
-131 240
473 -355
16 320
-116 -232
78 366
-312 -173
-290 293
-409 275
366 -352
-388 -137
228 455
438 -171
-354 -89
-260 97
-143 -242
499 -419
-274 226
-265 471
429 -68
-202 120
447 7
490 -14
451 347
186 271
-367 6
-350 298
317 52
463 -412
-125 463
411 393
475 232
-353 409
69 391
-177 -117
-498 -312
-115 -189
297 139
-15 -126
-355 -63
443 -330
158 469
20 -407
372 -336
317 -328
-435 437
169 228
-174 230
120 316
-302 86
274 133
444 391
29 349
-278 -70
367 -486
375 -443
217 0
-217 -277
-113 -264
-401 345
281 -296
432 -336
394 -51
456 -243
343 -297
337 344
235 -194
-346 280
-290 454
158 -433
315 267
457 -277
-54 31
268 -261
-417 333
-464 57
221 55
194 468
416 -196
-303 149
-317 -52
255 224
4 108
61 409
166 -96
361 -281
-368 -19
-489 318
247 78
-90 -31
-475 21
-425 -53
-396 -64
-70 269
-392 210
0 0 0
