3 3 2
0 0
10 0
0 10
20 20
20 0
0 20
5 5
15 15
3 3 1
0 0
10 0
0 10
20 20
20 0
0 20
40 40
2 2 2
0 1
1 0
2 0
0 2
0 1
0 2
3 3 3
1 1
1 1
1 1
2 2
2 2
2 2
1 1
2 2
3 3
3 3 5
0 0
4 4
1 1
0 0
-5 -5
-1 -1
0 0
4 4
5 5
-3 -3
-6 -6
2 1 4
-8 -1
-9 4
-4 -3
-2 -10
-9 1
9 -2
5 6
3 0 3
-8 6
-9 6
2 6
-7 9
0 7
-3 -9
0 3 5
-7 2
-2 -6
9 0
-2 4
-3 -5
5 -8
10 -10
-3 -2
4 0 3
-10 -3
0 9
-1 -7
7 6
-5 8
-9 -7
-3 5
0 2 0
4 -6
-1 -8
1 2 4
-8 10
-3 -1
-9 -5
0 8
4 -9
-8 8
4 -8
2 5 4
-9 -10
-3 1
1 -3
-1 -9
-9 -6
-7 8
8 -6
-6 -7
-2 -4
-2 -3
8 -7
3 5 1
9 0
-4 -4
-8 7
8 -4
1 1
10 -8
1 0
2 -6
-5 -4
5 3 2
0 6
-8 4
7 6
-8 8
1 1
-2 0
5 7
8 -6
10 -10
0 -4
5 0 4
0 0
6 1
-8 5
-9 10
-3 8
9 3
0 -8
-8 6
-4 9
1 0 2
0 -5
-5 9
-6 -1
4 2 3
8 3
-9 8
1 4
1 -6
10 2
-6 8
8 8
2 2
1 8
129 11 55
346 210
262 -362
247 91
188 349
-264 -180
-85 194
-175 -198
-117 -199
342 -173
330 448
128 428
-331 130
28 -141
-349 -67
-222 366
-234 -348
481 -376
-95 -473
376 -82
238 -408
-23 303
-396 343
335 302
-372 -13
-376 176
104 148
-223 -58
301 273
396 -5
-139 452
295 -326
489 127
-156 275
-308 -107
-15 -280
213 120
-37 462
-47 317
494 -203
473 -229
420 -383
-251 -234
230 387
-118 -450
192 -185
-11 -67
250 -14
-239 -333
60 -407
-497 -357
264 236
-113 216
32 417
-287 341
302 -285
-168 376
333 221
-202 82
-178 62
377 -130
303 -487
-310 -444
-277 -258
-165 -49
-216 -26
-291 -161
245 238
154 96
-374 468
-318 57
-377 429
-161 -295
-23 456
-293 137
197 299
2 274
330 -311
-69 192
333 244
-283 267
296 -383
45 -74
212 40
7 -301
-54 339
-43 -120
85 69
-286 296
-377 -439
50 -79
386 320
-491 -449
244 -95
-352 -60
-294 -234
-117 -445
-329 192
-268 429
318 384
-88 -71
-1 -237
23 369
164 -417
335 237
349 287
107 -116
-374 -76
329 -194
246 370
-365 478
223 143
-166 -291
328 395
278 -244
-124 -165
98 -311
-443 375
149 311
48 221
-302 -17
58 -414
10 -5
301 184
-257 -162
-495 46
-312 -432
-223 229
-187 -287
-341 295
-371 -410
470 35
-400 -82
-272 -474
-63 249
422 -34
52 135
-371 -21
-338 252
281 120
-334 -405
-336 -24
395 -456
448 -369
427 -293
-203 -393
-168 246
-337 -234
483 -378
371 -108
358 -80
245 -17
462 -400
42 65
-316 315
410 -178
299 -460
276 -427
396 193
91 223
20 322
67 388
345 353
475 -79
3 17
127 36
-482 -450
341 -128
127 170
-326 -117
205 1
-268 -416
348 -307
77 -493
230 243
-246 -333
245 441
293 12
123 -221
297 -43
493 -375
-325 -77
-15 201
-129 -484
-101 302
494 -265
-181 294
178 -275
423 358
-210 445
302 -158
-218 -265
247 -264
16 -426
-278 -131
-6 -498
111 83 118
-209 106
477 -125
-36 -408
276 -289
-279 -242
126 -500
113 269
-442 70
-129 456
-263 -207
230 -203
313 -498
-276 -402
-218 5
121 -62
234 -168
207 412
194 -100
-198 362
310 -340
351 23
482 -65
195 -36
-81 -461
-477 256
-448 156
158 -57
-268 366
-440 72
201 14
36 181
-218 -66
335 -257
-396 167
17 -364
-151 414
-462 -133
331 -170
-441 233
-12 -251
96 -418
-284 40
-405 444
16 -52
152 347
27 -284
150 -312
-69 0
357 -16
120 -275
329 -127
-70 469
489 367
-211 -239
-300 -452
321 -33
-494 -14
-70 -464
-16 293
139 446
352 -364
-176 356
-455 1
176 -55
-140 92
155 486
455 -312
245 -415
-154 133
181 -467
0 -264
223 2
38 -304
179 -348
288 213
349 -493
54 139
330 363
-193 99
382 5
-319 -143
45 36
121 326
-42 480
203 157
394 -361
141 393
279 116
-42 369
81 -42
-345 436
74 -71
482 209
499 -407
-211 479
-165 380
-395 -30
-205 70
49 -83
-427 253
392 442
334 157
463 32
-409 -197
-49 -390
-455 172
292 106
-495 119
-97 273
-58 -497
73 192
-339 277
-153 -132
285 -44
-292 86
-282 359
-295 -400
-178 242
-456 -332
-222 -397
276 -5
-399 -176
133 -243
220 -394
300 -465
-83 -339
439 -128
240 78
224 476
-249 -285
264 433
223 -31
-289 469
327 235
339 -245
-59 -395
-381 -196
61 42
-162 -58
-332 471
-368 -363
-301 85
354 -430
236 129
344 77
9 487
-354 107
-234 422
157 -453
493 -408
388 -315
-321 -67
475 197
-361 -70
-100 -498
-361 -193
82 32
-208 -472
158 -65
-488 -473
205 -309
299 -289
-367 351
88 255
347 -20
165 80
-487 -75
-379 34
464 178
181 451
448 -137
86 320
349 30
465 378
96 -304
-113 167
379 -200
341 376
130 -489
-319 -72
198 -333
92 36
-431 211
-111 -97
-146 -468
-415 -431
79 -199
331 -139
-261 -383
-187 -14
343 25
325 -109
-234 221
-78 -145
-27 87
-56 103
-362 -330
382 226
-372 -293
430 461
220 -18
-26 206
-434 489
-394 495
-20 496
20 -391
0 -177
234 -466
-421 -43
234 347
-51 52
223 -323
403 -222
-325 -206
-246 -470
-297 296
1 164
152 177
171 -243
444 -52
58 342
355 -347
-312 248
395 -222
-376 -233
10 128
-5 74
42 -268
26 -103
-382 217
12 -30
-367 -489
-122 203
461 -25
424 239
-230 94
247 -329
109 -376
-97 125
83 4
322 -283
-19 -408
-176 -493
-406 -478
240 40
200 403
414 -249
455 23
498 482
221 105
389 111
282 491
306 135
-240 -419
-225 399
-385 343
125 -404
-397 97
-191 449
-322 389
291 -452
491 378
-410 -105
-124 135
-261 278
-111 287
278 318
-48 361
442 -227
-329 -98
435 -284
-497 477
-237 59
-303 297
185 73
-189 -125
443 -24
371 -199
436 -468
311 437
224 365
182 390
250 -309
-36 325
-274 -118
98 -175
492 -339
220 -209
-412 -245
18 418
483 -37
439 329
-370 426
148 -1
-64 256
121 -352
-463 350
-460 493
317 -22
360 4
329 -457
-296 -353
-371 10
-45 114
-279 -283
-130 473
-8 -296
-371 500
-2 122
-433 -33
116 124
-27 -122
156 119 7
-313 321
-130 207
-275 421
315 -292
-473 236
-310 -71
150 435
-196 354
-155 44
173 -197
-8 467
224 331
-54 -385
-221 -398
-27 -21
491 292
-311 -150
-229 -450
-242 -86
-351 276
-296 476
410 -470
384 45
-412 -286
17 -272
385 -48
-218 199
315 108
210 -82
397 -407
75 373
-277 77
128 -46
369 -316
460 76
52 -483
238 355
-411 -39
-135 121
349 -323
-181 73
-229 233
-469 -209
209 -415
369 -69
-196 -204
373 -366
88 -283
-409 0
-424 -44
-336 -450
95 -182
279 402
-287 184
52 -356
217 -439
-15 371
353 488
264 -294
137 -249
-263 -178
-44 441
348 -390
-200 235
381 439
180 -434
-116 235
-173 -226
459 354
188 40
-209 -300
261 -96
-419 -34
172 113
365 345
-333 -191
-251 -399
402 -187
238 -403
226 393
149 119
-147 -95
180 224
-233 -130
410 -172
28 455
-142 392
-143 -212
92 -371
165 -471
-162 -354
438 22
335 -223
-436 30
-78 -237
382 291
-305 261
-326 425
486 65
393 -59
-105 395
286 -390
-411 -57
73 -357
-328 181
327 -263
259 -300
-23 264
484 -217
-264 42
-168 -405
357 -383
233 -283
283 -470
-338 218
-198 175
286 57
191 279
112 65
-255 -237
-310 -26
174 262
-285 139
112 -350
192 -301
-206 349
156 214
432 341
372 -422
-14 -96
269 224
-220 289
-243 -256
309 471
424 369
-158 -447
5 304
-368 -485
-335 221
420 245
-217 48
452 404
245 439
-483 73
477 -194
-471 3
482 246
490 -191
471 -262
-394 299
42 84
-112 -52
-347 -453
-42 20
455 -491
57 -123
-220 -263
367 -302
272 215
-480 384
-424 -62
-317 -451
-141 249
487 364
-148 -481
103 284
422 84
131 181
392 -425
-416 -412
-345 36
274 -169
29 -374
341 140
-287 491
-71 362
101 480
228 -198
-335 150
169 215
-2 -293
292 463
-167 -391
-316 -388
392 -276
-49 459
-211 -454
363 -276
54 9
-311 -106
-245 267
246 118
111 356
6 -26
379 -34
174 365
327 -434
-325 -345
-233 351
265 -450
-492 -342
396 -285
-61 489
-313 258
-349 183
-361 -124
185 -404
143 76
240 486
-49 339
-107 118
-126 -376
470 411
261 49
99 -263
-415 25
241 -202
-214 481
-71 370
53 -337
-271 -230
-443 192
458 414
399 200
-272 197
-496 -460
-336 121
31 -122
118 -366
-439 -209
7 407
-296 -354
318 -253
-384 -320
-467 437
-294 -141
242 -237
-324 -237
153 199
-414 266
306 381
-308 -410
-341 160
-16 223
205 -33
-127 -265
-428 -289
-352 -232
-362 390
326 455
-496 -328
-65 222
176 246
-366 -199
-434 -172
400 -280
-499 62
-278 -409
4 351
-183 -104
132 399
300 190
148 204
93 448
93 287
459 -392
20 97
-158 -417
-116 -305
-286 -334
-423 -49
203 304
395 -422
429 425
-489 -412
488 436
125 143
-154 287
235 464
250 129
-73 -173
114 -102
141 50 145
365 333
237 312
389 -495
209 40
-376 157
85 -177
-166 -288
-301 -290
336 167
-488 177
-89 -11
-262 -169
258 -72
-459 136
307 -105
418 187
-2 -139
-133 -156
384 -423
234 266
279 198
410 -491
-281 -387
280 300
-24 245
-267 -17
314 77
195 -29
297 -238
-153 236
-388 -207
155 455
-202 -200
-123 -479
-23 372
69 -389
-380 -245
-442 -22
468 -161
275 29
-489 -57
-481 -493
-21 15
277 -96
330 466
-241 314
268 442
433 104
-185 -435
437 500
-390 292
-454 -305
-136 421
451 296
-176 -169
275 225
-78 -475
40 -16
389 91
57 -493
11 -92
-150 6
-391 -221
-156 473
472 -76
406 472
-334 273
193 142
-63 30
52 -167
248 261
-24 -484
0 -330
261 207
214 -422
-13 -493
13 -276
-307 27
-311 -188
-74 -272
-301 -340
433 -169
474 -445
-224 -184
149 -400
52 328
344 -413
-243 -473
234 -467
303 208
216 -363
-448 480
-304 419
422 -255
-27 -115
45 -153
-131 -138
-82 -22
294 -158
-58 194
-289 -368
410 494
212 -446
-413 -334
65 -55
83 80
59 -220
389 135
380 255
-361 310
-343 -457
-95 185
353 26
58 13
-294 -164
-342 190
-126 -393
-339 -432
425 -415
30 440
19 -11
-41 303
-373 -422
23 -152
-343 -493
241 163
-463 -186
30 -355
159 390
416 -413
-32 55
163 -427
332 342
117 14
-357 257
436 337
140 163
-69 -105
243 267
-36 454
-194 400
405 -296
-460 -467
113 -66
-288 -111
134 28
-208 -130
-289 -204
1 -377
70 328
164 144
-194 6
401 494
-49 -73
-429 143
-268 415
310 -123
-399 -364
-239 40
429 214
-258 -337
33 62
49 34
-153 -66
452 -451
-117 418
-77 -195
-201 -120
307 -177
156 250
-146 378
446 78
-95 -337
-107 -454
-50 166
19 -179
74 192
416 242
-325 -378
362 454
371 317
-379 -256
124 -207
-194 -80
360 -69
499 152
-271 -286
-433 134
-130 134
490 -39
-28 321
-298 8
440 -455
-333 309
262 305
121 -472
464 132
115 243
353 87
208 111
-238 -97
-193 -103
-470 -319
316 -126
25 -409
102 -5
-497 498
233 304
-198 133
-62 401
119 -437
-115 249
-9 82
360 500
-200 -466
-63 67
464 -248
-66 -66
308 185
276 -251
-66 -477
211 -123
371 -373
261 -57
-467 -327
427 389
137 -157
115 -188
-499 -372
353 -26
-459 -198
54 480
-87 195
-121 178
117 411
124 345
412 -449
-322 -166
-32 283
146 439
327 1
34 72
74 -36
-218 -351
123 76
68 325
304 -146
-451 312
-10 407
7 -382
464 -394
348 -369
-345 375
-153 -474
155 123
315 493
-245 -18
136 -152
-313 19
-406 108
-68 1
355 -148
-336 426
22 94
213 -156
-360 -472
350 -134
-260 489
205 -495
128 88
-230 -141
31 -368
-19 -285
235 -334
-36 -142
359 19
372 86
11 -96
498 226
-431 223
252 -100
266 400
388 101
-204 197
475 92
142 425
-444 435
-350 -328
-471 -273
86 385
-97 -7
-421 -366
38 465
190 -220
194 36
126 -51
-151 -55
236 -418
279 427
-291 -468
147 -57
-123 351
213 -107
-189 -283
-399 242
426 87
221 -305
350 195
475 -241
-15 -270
179 168
303 301
383 218
145 -271
452 -149
294 44
-106 -212
-129 362
-422 -394
39 182
-232 371
256 -36
349 180
439 105
335 13
372 -387
414 -296
422 -136
93 -13
338 -244
300 -266
22 -178
-317 384
181 394
-235 452
322 -281
150 82 178
-279 404
32 373
207 234
-205 145
-252 101
23 160
-248 235
-237 279
-231 -323
-111 -225
-42 -348
333 473
-262 -401
422 -449
-386 -38
-135 -312
-440 -475
-50 397
-269 -42
249 245
-96 -331
95 -229
241 -153
24 358
-368 200
352 413
76 -220
-121 185
-74 314
-225 491
370 -269
-244 -170
417 120
-423 206
-359 -353
-494 327
288 45
392 101
-352 -282
418 -395
209 471
441 -40
-356 -216
288 -490
-500 -240
-9 -438
-418 370
-10 -62
-357 499
336 -243
274 -216
20 342
-57 -248
-340 -399
398 -219
-248 -422
38 106
80 -308
-298 -128
-178 -133
-381 394
-47 314
442 392
390 133
391 -416
-441 225
-244 -146
-204 -231
-130 -111
171 -43
35 458
-247 423
305 263
325 333
390 -493
401 -354
150 199
90 -147
487 -219
-134 -331
394 67
111 -385
-116 341
-271 408
-136 -56
-98 400
12 89
-459 155
-322 -183
-176 56
-108 258
-43 415
458 233
-487 237
407 134
391 -121
-316 -10
-170 2
-401 -242
-107 60
-351 -347
242 -15
330 162
479 -27
-472 -493
-44 493
97 -80
-348 413
-161 54
379 -334
-265 -255
236 269
461 -80
-132 256
-495 -441
-288 261
436 -345
7 144
-384 266
273 -325
358 -356
-245 419
331 -46
198 -93
73 -330
-395 76
-465 309
419 31
478 496
246 477
-72 483
-363 148
-208 -137
-372 -166
9 -402
434 92
10 -134
320 -312
95 -469
392 -292
-26 359
-143 497
-282 9
-305 -225
442 -305
-323 131
-222 -131
233 -495
-161 -240
-141 361
-358 349
-286 483
-330 153
184 225
123 265
123 75
-239 -404
-204 170
135 -21
-136 -319
2 77
446 42
-263 280
231 -132
420 76
-386 280
262 -439
214 -481
-66 432
-114 -413
-148 -444
343 200
-131 114
283 329
200 -496
81 -353
-121 -299
172 -284
85 116
382 -98
372 4
65 187
206 -177
-246 470
-444 330
76 -170
-471 -91
213 -82
438 -411
-407 -5
-168 137
339 -136
80 211
-484 10
102 -336
-142 89
-225 -27
296 424
83 171
-310 240
-431 139
238 266
374 290
379 -360
136 311
-52 162
-475 158
-441 477
-14 105
-40 -425
-146 -413
-250 318
-69 -181
490 236
-25 204
-157 -321
445 -266
214 271
412 319
-181 92
444 -263
395 267
243 469
-236 454
220 419
196 224
-269 -427
-107 446
181 -147
-444 -428
443 346
271 -411
51 77
-415 -16
267 -38
-111 -95
362 210
179 -217
428 -205
-287 443
-144 147
-90 100
45 -223
130 -7
66 417
-48 -123
-34 8
-416 -278
207 -484
-332 -330
-235 -27
373 57
31 -374
-79 51
-317 -352
-15 -175
425 -271
7 395
-422 -341
266 327
394 144
342 -282
-60 -140
-434 116
-24 337
500 426
-328 -69
58 373
-387 -107
41 169
494 -203
-284 216
-199 418
268 223
-260 -121
213 33
251 -367
-317 54
360 382
-92 441
56 -474
-43 -92
471 -82
312 -486
-126 -417
-430 -458
259 -133
476 -213
200 -441
-372 243
466 130
-46 341
-416 217
-212 137
-233 444
160 -114
-16 13
432 -383
322 -46
-272 -67
-25 -305
-247 -202
-225 424
173 -272
161 166
-205 301
-169 -184
223 249
-424 -85
-451 -490
-103 -467
47 209
326 381
-475 -332
101 148
343 -247
-259 266
190 286
204 -293
373 -448
44 -136
-129 358
-203 375
481 -407
-396 -127
-404 -471
238 -309
262 -167
1 64
402 287
230 -399
368 -66
-280 162
369 -253
490 424
479 -69
-212 -277
-402 -151
-58 85
148 -422
298 -264
-73 245
-423 35
289 380
-144 -231
-440 190
-376 277
-62 118
365 -156
458 497
-73 45
268 436
-216 215
491 56
-176 -83
153 138
-428 -379
157 271
-160 341
-391 -55
326 196
-28 -331
288 450
484 100
96 -158
387 441
67 213
-382 -155
91 41
458 -392
-64 416
227 -199
262 9
-151 -427
-291 -399
297 -352
-183 -466
174 460
-251 295
-363 157
-213 36
-252 214
249 44
-415 -444
-336 -160
-245 233
-467 101
300 172
246 -15
86 339
487 455
489 -427
223 494
289 162
-492 472
-303 426
-171 486
30 -54
2 -422
-392 -195
-463 -143
148 -447
225 262
-254 -53
476 -30
-76 23
96 462
455 -88
264 -182
-211 243
181 122 124
-122 -52
478 123
315 -354
-246 -218
-491 362
-301 -193
-469 -39
-102 -164
-189 2
426 421
16 -228
-273 -472
-18 334
313 160
209 -246
202 490
-198 -414
-268 -131
-159 308
169 -14
293 -150
312 369
-296 14
-485 -291
-371 -294
-22 132
160 -165
-332 -105
-445 -359
-415 171
-149 -46
40 -23
36 153
-40 272
448 377
-273 320
-122 -70
444 229
128 -228
-22 460
91 -53
282 147
-459 441
272 140
-500 287
-260 358
-476 -149
-496 -30
432 61
-63 -346
164 379
-192 -146
273 232
195 443
92 -410
37 363
9 -318
313 -492
-162 -259
-473 84
-369 -161
190 459
-72 347
-93 -116
39 -140
429 34
79 393
125 428
370 -149
-58 -181
-319 -39
-167 169
178 -119
122 336
-81 -485
-456 149
-203 -259
-413 235
-382 226
276 -316
-92 -153
-260 204
-179 487
-472 55
64 -310
-159 -340
19 -65
316 -136
-301 -304
403 -63
277 -191
50 447
-129 -427
-11 -173
-299 -10
337 455
-151 109
-214 267
-179 170
361 -186
-336 75
-490 392
-244 183
70 326
454 -45
-46 -28
-392 230
-7 -497
-480 -20
160 173
127 -279
331 -314
454 476
146 -384
-380 465
40 -304
278 -216
157 50
-435 -467
-321 -274
-112 -482
248 133
-173 -3
167 432
104 -153
-241 -174
12 -270
397 -411
396 -345
311 42
-72 206
180 -150
90 -295
430 -164
-247 -155
-136 -392
-69 141
328 302
233 258
296 -6
10 -474
448 -446
334 213
368 344
-425 229
-376 178
218 3
208 304
330 498
-157 -173
-65 -418
224 -103
389 367
-186 51
236 -188
-162 -391
-337 436
148 -215
-372 497
-85 16
384 394
-104 39
-468 -208
-211 295
-379 363
445 -178
-91 -253
-387 -142
410 -202
110 -73
-273 -165
-230 448
424 -110
-423 419
-376 242
136 -8
222 198
490 222
16 254
-194 470
482 -172
75 -249
109 -109
189 -122
-5 -292
-267 489
436 222
303 4
-388 49
-209 380
-439 427
124 117
-162 -27
-273 -196
464 355
373 -277
-26 445
-475 -53
325 274
172 -96
-108 -181
-459 406
-401 -482
67 34
-87 -289
-363 48
-336 -336
138 -49
255 3
-453 55
278 -92
-457 420
-134 443
216 -432
-27 381
-301 -113
483 365
73 431
-346 -419
-208 -360
188 67
-78 -381
71 43
236 -441
-196 -485
-386 283
-108 -419
214 -343
-275 -52
-172 -71
7 -112
444 -283
339 -11
71 16
-154 493
-250 53
173 -466
-233 172
-79 434
449 -498
285 225
-4 253
410 367
-186 -290
-171 326
-287 -168
49 336
-485 -344
-137 -423
-430 86
329 209
-67 -180
182 1
-66 200
202 -398
17 -427
326 -324
-458 -488
413 236
61 -454
-122 -258
268 -36
-189 118
195 -27
-442 -136
-428 265
275 388
-422 -304
396 -354
439 13
-224 -212
-346 -45
-342 292
-283 388
124 -430
-498 -32
433 -498
120 -39
434 434
-203 -186
270 183
70 -131
-245 -266
-429 -162
41 342
-371 -491
-35 317
-201 474
51 -187
-117 16
485 -325
-323 -424
37 417
40 -13
-9 -30
-348 337
396 451
376 -88
251 -349
493 447
146 482
-11 312
285 -390
-387 288
-197 -474
-299 -313
-237 -213
394 -432
-255 300
460 -67
460 -74
-123 303
-286 356
-494 -248
389 155
137 499
310 34
-165 316
103 -216
-500 -52
135 406
384 -299
460 88
-423 -33
401 -296
131 -463
340 360
-95 198
140 244
-411 -89
-401 -282
252 -84
-269 99
384 277
416 334
-71 384
276 50
-362 -188
280 -75
-180 406
443 -130
420 141
-162 -28
407 -175
-74 168
386 496
-399 26
-376 137
-396 -168
356 198
-228 -481
69 -216
-213 238
-338 -103
-197 257
-374 -328
313 436
-402 236
-440 -350
8 -496
500 -323
203 -107
221 291
-378 17
406 325
344 478
452 368
105 -398
-310 -262
495 -43
130 -317
-382 311
47 -58
-217 407
411 -203
-26 291
-316 100
-110 367
-426 405
-81 12
-321 480
347 -238
-446 322
-441 -49
98 -256
-383 245
-255 -273
-140 427
333 292
280 -167
-377 244
-157 444
311 498
92 -76
126 385
364 -490
463 306
127 -100
41 -483
452 -124
311 -362
-444 -431
496 247
-272 -394
-61 328
-239 -493
452 62
-250 -205
219 -48
-164 342
43 -156
340 390
-211 5
-288 -344
-277 20
158 -336
424 224
-30 -96
10 109
-64 199
206 449
-299 -112
183 -153
299 -49
483 -99
-65 325
214 -285
156 145 170
-187 -379
-156 -288
61 -333
-410 -432
38 465
-25 199
326 -264
133 -387
-186 -287
396 480
-31 -45
-372 487
-79 -207
198 -157
-56 -114
8 -110
-207 258
425 352
110 354
8 206
-96 -352
-426 173
287 420
-368 207
-123 291
-254 218
204 346
329 -436
-403 316
-299 26
417 42
490 209
-249 -291
253 104
-191 361
199 -240
124 -96
-177 274
-330 -90
-300 -354
54 -263
273 -364
-300 -242
264 102
-373 -202
30 465
-136 234
133 19
-378 -195
-335 -115
-164 -378
26 55
-482 460
-441 39
-125 379
-384 -241
-414 430
-313 389
-320 -214
-226 141
105 -192
-459 304
-488 159
464 -135
250 326
448 -371
-126 276
-75 -337
202 -108
-230 -16
244 -423
-494 -424
466 330
306 384
24 336
-357 -420
74 319
-22 376
-260 87
-88 -59
-240 180
-354 -451
-288 134
216 71
-445 414
181 487
-438 -11
-182 -123
-240 218
54 314
394 -26
-207 -113
453 -32
245 -39
92 383
-247 347
396 353
-324 -101
470 -393
211 83
69 -476
13 -108
269 -179
-461 21
-165 220
384 -217
-140 419
-424 -324
-173 -187
386 321
-143 420
-38 -362
-273 -248
-451 -172
411 -303
412 261
343 -331
-9 -385
-174 -199
211 -280
-307 -149
461 95
-39 53
56 -464
48 289
208 -58
-230 405
348 360
-313 -2
-115 397
-153 -402
-233 487
-399 380
372 -52
168 -382
-31 82
-324 361
-396 -71
-344 138
-384 160
292 -106
489 324
-127 -438
60 336
-77 60
-152 135
121 -40
-160 -194
-56 -87
31 -289
293 -388
163 190
310 160
488 -43
-383 156
-451 -397
117 409
161 -463
64 490
-261 411
45 487
-364 88
84 -334
-231 -24
-123 -473
330 300
-11 361
-290 -317
140 489
144 -303
491 257
-144 193
-79 107
-214 207
118 485
161 25
303 -338
-482 297
464 -114
-396 -213
277 -470
391 434
-384 457
445 291
488 257
-297 89
472 478
-226 -251
457 -108
-434 60
-415 74
-74 227
-286 78
465 -365
-388 368
398 259
192 80
36 -21
-231 -1
446 -330
-51 448
115 339
-412 -79
3 390
-51 235
-192 70
487 -276
303 -76
-251 391
258 -43
-285 -138
442 -154
15 97
-405 -333
-163 -26
-389 231
70 287
-293 227
-194 158
-108 -100
470 255
170 -110
4 147
-273 -338
119 254
306 176
-479 24
-380 247
414 -274
-110 407
-173 441
227 2
419 397
-256 124
-476 -276
169 -174
216 184
-170 -162
0 411
164 58
424 309
-168 -31
406 135
361 -357
240 9
-51 441
-58 -434
154 -324
300 -140
84 398
415 324
-302 444
-219 -180
-270 -282
-34 -28
-220 84
-448 -111
-477 -197
-54 148
-344 384
325 376
132 -204
-28 457
-493 -215
374 462
-24 -219
-276 -22
298 174
392 6
478 -472
112 -142
247 448
-250 -145
-498 271
-156 196
-239 350
-355 359
6 394
369 -193
459 13
294 -68
410 -66
298 209
-286 208
-74 190
238 382
329 228
-418 -326
135 270
-345 276
-185 480
28 -83
-500 -350
-43 -467
-264 59
182 -395
40 -470
239 91
489 -163
217 143
-286 -396
333 -356
-181 233
2 105
-430 454
123 158
-426 -425
-275 342
375 265
-177 -128
-22 -389
332 -496
-214 208
235 -240
93 465
-431 -48
96 307
-271 92
387 105
-251 232
-111 458
223 372
-97 -347
418 139
-490 -222
-421 431
126 -322
386 101
51 412
376 -189
263 -357
140 135
-274 -452
-156 369
100 -387
261 93
-346 179
22 -327
312 58
26 -371
-440 323
191 -205
396 186
-213 -233
78 -54
-221 353
-12 -470
269 419
287 -96
-293 -388
205 -423
-54 158
332 360
-83 469
288 143
-345 133
428 348
-277 37
304 323
459 -300
-447 -429
-399 -263
346 -269
135 370
483 132
-101 343
-310 187
-264 36
-306 -479
-145 -157
476 482
330 10
-454 403
-85 243
134 40
111 -437
491 187
108 212
-228 336
-342 -258
275 -246
131 57
283 466
177 58
401 477
459 -469
42 67
-341 -22
411 -222
319 -235
-172 44
421 -381
22 -181
-346 28
271 294
-453 -498
60 -265
-300 -132
426 -468
-491 378
409 17
-417 468
-55 -360
-391 -258
7 -145
400 118
237 26
35 320
-152 -242
-449 189
192 309
-457 289
348 442
474 435
2 273
-211 173
140 -90
-259 -438
-195 -416
-370 -150
158 2
218 220
39 -106
-157 -248
132 77
-425 -106
374 -487
455 -381
244 221
-7 118
-209 -255
-155 -27
35 121
-104 86
126 30
223 26
-255 -217
-132 -60
193 -26
-449 211
295 -176
-163 317
436 168
-422 482
-211 -131
114 -238
235 -230
392 460
-265 460
-320 -213
313 362
335 403
-158 248
-279 393
103 225
239 463
280 -412
-54 -425
247 -95
275 25
287 -464
497 -112
-153 21
-330 388
365 -227
325 -150
-248 -133
-386 159
-258 -215
200 -474
489 35
47 83 116
-431 -296
452 -327
138 -216
-430 178
174 -475
-437 -219
-49 -248
-384 -164
-340 -8
-66 -16
-212 9
-59 219
-391 -186
-197 477
-211 48
252 261
124 -452
-168 -107
-430 -239
478 -408
-127 -65
187 231
-434 15
-494 303
477 417
-385 -60
350 -235
-231 -253
-277 459
6 72
-477 -298
-249 448
-159 147
99 -227
-134 -399
36 76
-194 239
-247 -278
216 -438
169 450
-110 192
147 -26
221 430
388 417
-12 134
337 -417
-470 -299
349 278
-450 -439
-337 -53
213 -394
36 199
112 209
271 -21
-71 -173
-482 -371
103 9
-62 166
-228 -486
148 -175
-402 -50
152 -326
142 -372
381 0
137 193
-11 -457
-68 -461
248 -476
4 -457
-440 -292
-473 433
-59 -421
-65 -180
-166 379
394 207
347 173
347 492
310 -2
188 -11
372 -120
-387 -176
-447 -140
-115 46
-221 -9
-111 389
11 -160
-391 -84
237 142
-290 -266
131 261
-67 -397
285 -23
476 -220
-41 -216
165 163
178 -170
-120 278
-487 -79
413 265
-157 484
-177 -199
-92 44
-315 -378
-144 335
95 -105
-312 177
-347 -472
-192 163
448 319
-18 267
287 -198
270 350
-230 -334
122 284
267 373
365 465
9 280
402 -228
-394 -116
280 448
-186 201
229 158
-179 -33
477 227
-317 459
-240 -42
498 470
327 -471
313 458
331 -52
-398 -231
239 195
467 -199
186 -170
-223 263
-347 -345
313 -219
249 383
-201 -367
-409 -85
373 -17
-358 -459
-429 60
17 469
-84 74
34 -153
-459 -291
10 -228
103 198
-350 -305
-150 70
352 -196
377 354
177 -210
205 -325
-152 -41
0 -233
17 -9
-351 -239
336 -467
-119 -244
-35 -441
-169 -388
1 475
361 124
-306 151
455 401
254 236
216 331
197 -379
80 -390
-123 -456
-275 -421
-159 394
117 -125
131 367
426 188
301 286
-50 447
71 492
142 -190
402 -45
381 -213
308 -155
-34 96
206 4
-261 -455
-375 273
-144 -36
29 -344
-478 163
-149 350
135 138
84 342
333 -415
-415 345
-201 -336
-359 487
-478 -321
-35 450
-357 -12
34 361
-177 -118
37 -151
-305 -131
-468 -435
416 -283
355 -117
415 50
-175 -372
474 247
101 -399
278 -228
-358 243
192 300
-212 -203
-342 25
98 12
51 -329
41 -366
-301 246
153 73
146 305
-455 -303
-175 60
497 -130
-29 -202
-239 97
-161 440
239 -97
-110 221
-254 217
419 48
220 344
168 -341
405 451
-287 367
172 -253
-56 359
-392 217
277 270
-433 -396
-109 439
378 -482
-389 -79
-359 -194
68 96 62
132 240
-351 111
-222 292
-114 -401
-188 -355
7 134
-423 361
469 414
-120 347
105 263
345 -182
386 123
235 -235
-94 -308
406 427
166 -326
285 37
-172 316
415 -437
399 -95
-462 418
278 -95
-492 -385
463 -63
390 -422
-413 -243
70 234
499 473
355 -196
-270 -405
-231 -50
488 87
-98 -447
-384 -495
-90 -494
424 205
-391 -52
-246 202
329 308
387 407
-337 218
-358 474
136 233
228 331
426 -9
441 148
-266 385
129 118
-186 136
-167 -65
-360 -86
53 -244
148 440
248 307
213 -24
385 134
-203 66
489 -474
357 433
-387 216
-136 -27
-453 245
-138 -212
115 176
-389 -134
281 448
-297 442
381 -477
20 352
-483 128
452 423
-12 402
428 439
372 -24
383 -25
138 175
-81 437
-276 185
-139 282
338 29
-24 -338
-397 -192
-169 -130
412 484
-198 351
-37 429
331 444
383 451
-383 -52
423 -56
-382 190
126 -250
436 38
-491 40
-431 487
339 347
-345 -265
105 132
-195 -324
218 16
-55 107
51 -320
322 466
-87 -377
67 129
-182 -474
467 185
-278 444
-327 402
78 -269
269 -258
-22 -394
238 424
290 273
-211 -457
-160 -303
-432 -76
-421 81
204 390
-292 -8
-292 -230
456 26
-341 -325
267 368
-401 -168
-235 -465
-359 368
-19 243
-295 380
423 461
-342 -316
-202 453
34 417
306 -123
60 -263
8 204
-271 268
133 -347
-480 -422
-400 -410
-375 310
-133 -135
298 -234
-355 38
-1 -497
-313 258
211 -153
-237 -14
363 -256
-329 259
-38 -388
71 -131
22 -119
-41 -297
484 -267
233 -251
115 -392
-125 -400
138 -88
-395 -290
469 -364
-327 484
-31 -131
113 -64
-306 -479
325 284
-347 -154
227 -105
-212 -135
-212 376
-375 -228
-120 -479
-379 -70
32 -55
156 -51
-224 138
121 -186
183 -51
76 280
-9 -205
269 270
307 -185
-100 112
478 33
-401 189
461 456
477 415
-156 -470
-24 288
428 376
-297 322
-365 -297
-158 14
484 318
303 418
-122 -25
-20 -239
374 -316
-93 381
69 41
-4 6
-390 -281
-251 -337
141 -46
-480 -85
-264 68
271 -277
-72 -129
-312 304
221 -89
386 181
443 -402
473 -444
437 316
-454 -120
76 -305
-396 42
-105 187
331 -147
-41 -464
104 41
-45 195
-434 -125
369 383
-207 445
126 89
119 83 5
-460 426
52 -427
-381 -80
187 247
351 -149
247 -437
84 394
-148 283
-114 -375
80 -453
304 -49
-181 -38
255 -62
-437 409
477 -186
-261 -179
-416 -484
-373 291
-273 -297
55 4
67 -423
162 -199
-417 -350
466 -487
251 -31
111 45
197 -256
183 430
28 -358
-44 -64
-52 4
-289 196
-14 32
236 -162
342 -96
-19 481
-219 -92
-252 333
347 -446
-287 405
-51 -213
32 324
254 337
479 405
-470 472
-24 -66
-371 -22
201 187
215 -194
210 -374
-394 56
154 381
214 -423
322 92
-4 -250
-273 -466
49 136
-28 -51
-147 493
464 -50
74 -426
52 -371
6 -106
200 443
-432 -280
276 -401
170 365
442 -381
212 -427
-487 263
-12 398
33 -259
190 -464
-472 -496
-356 234
308 182
312 219
-388 -451
493 -183
38 2
-209 -440
426 -497
-377 151
225 57
-490 335
-78 -72
169 -2
-276 456
150 -141
283 443
124 295
-297 90
139 -65
253 -495
-303 131
-118 -210
484 -322
329 -193
54 -394
131 -257
-138 64
252 -447
-492 -470
-421 476
418 -152
333 362
-359 42
477 226
231 281
-89 -81
-101 118
296 -17
290 -117
-11 -185
-252 -156
98 311
54 110
-169 -150
-175 -248
100 -90
463 434
-335 -67
-342 -397
384 -359
-249 80
-303 486
-32 150
-468 184
499 449
483 -288
213 437
47 80
430 -234
18 378
478 446
69 -383
-260 440
234 234
65 -411
169 117
-208 316
-34 366
-261 -49
-101 -312
-410 428
365 -119
151 -7
259 -399
169 -229
407 467
275 146
-224 -25
-292 -486
-397 -491
-184 273
-221 -38
-482 -201
250 245
123 -243
-315 339
410 -96
397 -451
341 60
331 -154
-498 9
345 -73
402 277
-18 -380
320 -391
73 -225
238 327
-375 352
-214 256
-488 65
-97 99
193 388
437 -188
372 90
126 277
476 -107
320 128
-405 321
131 -88
-289 77
42 -359
468 284
-175 -221
-466 283
-153 -199
401 238
125 250
-439 93
373 -248
219 123
206 -312
7 195
-295 -284
128 102
369 336
477 339
-187 -90
-120 444
226 -172
130 -86
342 263
12 30
313 -343
200 200 200
-91 -237
77 186
374 318
12 -218
-312 -430
172 217
-257 6
-465 -270
141 -281
354 -152
-134 211
315 -231
-468 496
-285 157
314 -266
-312 -472
214 413
230 265
237 -223
-462 433
149 426
-69 210
131 82
302 -344
4 462
172 -155
-196 61
56 -14
-358 -164
-239 272
300 146
58 -51
404 -297
-330 479
411 140
-245 -292
109 -251
332 -123
33 -261
-300 -177
168 228
-212 372
-453 472
499 34
-195 -310
26 -241
-102 295
498 275
253 -199
131 359
-434 163
412 77
454 -135
104 -67
256 -324
94 -6
-445 -77
-415 382
-84 -397
-207 -417
-468 -89
-294 9
-217 -380
-389 394
252 -465
-112 242
-492 319
374 491
-77 462
329 -22
162 370
483 -78
495 218
321 -433
341 -400
11 304
-188 63
-127 217
111 -214
-489 -16
417 -138
371 -100
-420 425
77 245
413 -307
-438 -95
17 74
482 236
303 11
111 302
-205 -166
87 -378
29 -202
84 461
-366 330
383 95
185 -450
166 253
-313 265
459 -258
-163 290
-446 211
-54 354
-135 -465
28 440
464 166
-22 323
311 50
-300 -493
337 -106
490 -165
-425 -91
353 174
-371 241
173 -461
20 -413
-12 200
54 -236
490 125
64 109
-226 17
-470 -283
-43 -57
-50 341
426 158
183 477
-114 415
-222 -52
380 -262
468 -93
-316 -258
443 -323
-59 -137
488 -4
295 -69
138 -259
-42 259
-299 168
-301 415
-238 -159
-182 -376
229 135
-417 -106
-178 -494
-396 153
395 480
-343 479
-159 337
-478 98
219 -482
-241 7
-234 -143
215 217
132 -343
-1 414
228 84
-281 7
91 -44
-347 -198
145 413
392 448
116 39
-434 -452
-163 458
476 279
-214 246
-398 -265
142 -258
-101 318
-79 464
48 398
-96 -351
-205 267
259 495
97 -362
276 -97
132 -11
-273 -108
-151 -112
-333 -246
-500 -486
440 -47
-115 -398
110 82
45 284
182 222
61 -408
49 276
-39 46
185 -193
210 -443
-264 -40
352 -468
-80 -36
-92 391
96 87
230 -92
-299 35
-384 -386
89 1
-278 -148
-366 -230
236 -27
-481 184
491 -304
445 -106
354 -109
-77 -320
-166 -104
477 33
311 -67
341 72
-393 -270
-155 232
-267 414
456 124
394 -355
119 -410
274 -181
16 -172
222 -46
345 -350
-170 75
161 458
-319 -145
288 138
-291 492
-279 -182
-450 -494
421 -244
380 474
309 376
156 -37
283 -383
-55 -71
74 489
-362 -334
-68 -392
-434 -342
-297 -408
-80 438
429 491
500 130
-174 -351
-404 240
213 -254
313 476
-371 21
139 -32
88 412
90 274
441 -339
-231 228
386 -128
-346 -475
463 280
270 75
395 391
231 -41
-302 -280
-343 17
-318 411
-378 470
-373 -189
413 -49
-276 215
66 2
420 -336
-274 336
51 -4
-225 -429
146 14
-406 235
-306 -270
-360 15
222 -108
494 -203
457 405
406 306
447 -416
-11 319
-490 -330
-475 -445
81 431
-74 442
-488 -369
-165 201
-65 -152
78 -380
-175 129
212 -91
206 -453
142 -105
-300 163
-63 47
-445 -354
-494 426
171 -434
497 222
164 -249
-427 -78
-378 176
215 -402
-282 -253
67 483
-109 -266
472 -222
-137 -403
-50 113
-341 63
-101 387
2 -285
472 -405
318 -327
-386 468
-421 -19
347 378
477 -299
-362 61
44 385
309 205
483 435
222 280
-108 -155
98 -329
248 -258
-43 187
283 441
-387 -382
-415 -210
271 418
-14 -336
-445 -193
369 -38
-464 -307
89 -398
227 346
125 71
107 -51
-190 208
450 395
82 -442
499 -404
-286 -446
-156 302
-91 490
344 305
-389 395
-454 399
282 170
272 -417
119 -130
132 -1
138 434
141 429
323 448
196 90
-124 -406
-352 194
-315 90
-231 -318
487 95
-11 -388
-490 289
-42 36
-191 -17
43 421
-391 428
51 -326
-398 247
-116 -308
-28 116
210 -420
274 39
-372 49
-79 150
-256 -412
-300 -402
387 -77
149 402
-116 -156
455 458
75 117
292 -437
0 -374
-492 84
-301 385
465 -330
209 100
339 -72
-423 28
116 -241
-143 -179
-65 316
-93 -257
-222 -417
232 291
-402 -268
487 -194
-378 390
-337 -14
-440 -370
-199 -447
153 -476
-47 -491
-273 -9
-60 30
42 343
159 298
231 167
250 256
47 -492
432 -19
-22 -165
-276 108
284 100
-79 -423
-370 345
369 222
-79 -27
154 -489
-268 149
-319 -406
392 -36
-370 30
-214 -188
-489 70
-449 23
358 133
-260 -281
319 272
349 -477
58 -261
151 170
-358 -383
-372 263
-399 297
391 -450
14 -218
313 -28
284 -166
405 -402
-189 -15
-383 146
365 -332
440 -143
-429 -127
-197 288
-353 129
-64 144
-94 -210
-414 65
-195 -303
-20 167
329 320
-347 483
271 -198
288 248
-107 -419
440 405
-238 448
-179 379
-144 -477
-158 124
-233 4
294 279
-467 -136
61 70
427 -162
348 231
-97 255
-444 192
-61 364
445 344
249 23
-30 74
-48 201
224 -19
-396 -1
-498 256
34 -438
-384 -14
246 -243
96 177
-402 172
-74 -367
325 1
-135 -18
-484 -236
-23 500
74 265
-35 137
-382 216
-286 379
134 413
165 407
-418 359
306 281
-42 328
-311 -99
35 -254
247 115
288 -451
-497 302
-8 304
-242 -20
-383 256
-29 -87
482 -265
338 -124
473 -195
354 3
-217 -445
73 160
-440 -69
177 263
-123 -215
-165 -386
106 355
-152 -162
9 -403
43 106
209 126
51 205
-420 190
186 -422
81 -448
298 39
-302 55
486 -129
-367 450
-266 -147
-343 -300
-445 -241
-212 263
51 -97
200 297
-388 -407
298 -402
289 -147
-69 68
-189 -26
-488 203
-243 -392
-331 402
351 433
-215 -198
3 275
-466 -368
396 -252
-159 -488
-1 -364
-271 -460
-361 111
154 218
-215 118
282 -416
287 -214
-105 -16
-115 234
167 64
57 426
201 142
275 -441
-193 235
-63 -140
-4 148
-121 436
46 225
-368 -292
16 -301
474 -82
204 488
-339 -49
-316 289
-457 -263
-338 351
-7 100
-151 363
-213 458
-183 -154
184 224
159 313
-273 253
461 395
284 -450
-32 -334
-347 258
-292 362
-159 -495
-258 -108
434 -426
174 -96
458 -384
-427 213
-442 -256
469 -420
83 -68
-315 -183
-288 0
200 200 200
50 336
-498 186
-57 208
-240 346
351 -159
-76 101
175 283
-313 -143
-337 -462
251 -356
-422 427
-494 -1
431 237
-446 -221
279 306
142 457
142 -481
227 -166
-321 276
307 487
-223 221
3 -270
-223 452
180 -120
-286 -60
-134 -380
119 -207
220 -438
-159 -260
-455 274
-80 311
330 187
-480 -438
28 56
-267 391
-199 -166
-245 10
-348 -6
375 32
163 332
453 279
262 219
-28 -239
1 -18
446 3
-187 47
424 -134
-382 -358
-111 135
-285 146
480 -188
322 16
-491 -266
-43 164
-314 74
-457 310
28 -362
-411 305
477 190
-307 91
328 113
479 6
-161 -59
-425 -404
-68 -82
230 -210
-4 -399
-474 -259
406 6
270 -17
483 -409
420 313
-192 -300
391 -492
-211 475
87 -417
-221 307
-252 -245
-459 118
226 -177
-196 -27
75 -45
-113 300
496 101
274 -208
-427 266
-232 256
456 493
191 -234
432 346
119 171
-23 18
274 399
-294 225
239 315
479 433
-423 233
32 -257
34 -36
-54 -282
174 -193
253 19
-299 442
399 -102
435 83
-247 330
-463 53
-359 230
-355 311
-184 -152
471 74
-194 485
-273 238
393 338
-445 261
258 -162
48 229
-139 10
408 -61
-479 450
279 342
-415 -226
195 6
-493 -274
74 30
-397 -177
498 44
-218 -91
437 -276
175 -326
-298 493
-89 -68
132 -60
380 -38
-89 39
-429 91
56 380
-114 -344
-118 -250
-30 -107
-94 457
-310 73
482 -97
-183 -338
-474 418
100 182
-387 420
-141 202
-337 245
474 429
20 -235
-356 -456
-300 -425
-485 -280
-197 -227
420 -15
248 209
302 300
463 229
146 309
-10 179
98 437
138 -207
-463 148
-234 301
-435 202
246 286
51 401
311 137
100 -244
-69 -386
323 19
-182 -322
407 -185
-377 471
150 -257
-321 -196
97 438
-225 7
-193 -175
-474 42
-483 -437
154 -38
289 69
15 -36
-232 -112
407 447
-376 -409
-404 -275
-305 222
155 410
-287 35
-337 24
-470 311
326 -62
170 -473
281 352
-187 188
-244 -376
89 293
-320 271
-93 47
138 -413
-498 -278
134 -76
-166 388
-77 -212
2 47
-453 -224
-96 -278
-251 373
-86 -426
262 221
345 -82
-290 208
-332 -377
171 -110
-333 76
298 499
-77 -331
248 -69
-91 -53
184 361
-364 411
-368 232
-206 40
114 -429
292 -101
317 -435
273 137
-50 -474
-394 442
17 -380
310 -226
-367 -496
-375 423
-131 381
-69 34
-366 -448
-26 67
298 -234
-163 -41
358 -89
-23 320
-354 -136
-420 440
381 96
-93 -314
-350 -413
282 -284
329 475
45 407
-60 -303
440 477
43 -236
30 -86
63 -160
-58 58
-123 -390
-26 109
48 -287
309 54
240 -381
-294 406
312 81
55 489
85 140
337 290
266 216
480 277
381 500
-471 10
258 -367
-257 -29
-421 325
-463 217
-230 -182
-63 346
-58 200
471 -167
-489 -247
394 -285
-495 97
-188 230
-304 271
-40 -209
-9 267
400 -10
461 -252
-428 333
49 231
239 -391
146 9
400 -325
-302 -413
-160 370
-415 -290
307 424
-156 -410
51 -382
-401 40
498 -489
1 91
29 87
-80 -349
72 102
-99 469
-332 -190
-325 237
14 -433
437 -126
84 355
-32 212
302 -110
-302 312
-458 -457
245 -203
78 -461
126 -255
-414 -393
209 236
-105 -151
159 300
37 63
130 25
89 -450
95 -244
469 363
-248 -437
65 -40
3 -360
-373 107
146 -253
-318 206
313 463
198 460
-192 -289
-490 283
-155 157
-319 -263
-212 165
422 -40
-178 73
-174 80
-461 -236
-96 392
-2 -267
-20 32
-263 335
297 -147
-188 240
451 -316
468 120
467 461
389 -498
-142 339
-202 -324
-61 -221
49 121
385 266
157 88
11 480
11 345
179 182
-466 -62
368 -335
-460 -464
-154 318
-32 198
200 -188
-350 -144
-278 -443
-474 -51
260 162
-383 -235
44 144
123 -36
-192 -446
236 324
452 178
343 -40
-4 319
136 383
-230 342
345 295
-350 471
218 185
324 -437
225 -65
200 83
418 32
496 434
489 -270
245 494
171 -86
375 196
-295 -296
-414 -130
403 31
-175 -143
-483 -63
-379 -334
-271 -75
50 446
-282 144
-325 441
374 326
-444 361
354 362
-224 301
-314 25
229 -350
-290 -109
423 5
52 303
430 438
-397 -241
185 -449
187 -478
166 -266
-326 95
-79 341
201 -452
100 -23
468 -255
-40 66
-94 -347
-265 -312
-117 -193
-391 348
285 436
-306 -461
281 79
101 69
-6 -343
252 458
-12 168
-94 -328
-161 380
-376 197
-238 497
-350 84
-38 -141
166 -425
423 345
-30 -35
-306 -103
476 -145
424 165
322 -233
-276 -83
276 -236
-374 212
91 372
68 -34
-38 -95
489 21
380 -198
-433 -50
486 -265
200 490
-113 -45
310 85
-251 -448
-491 234
341 -429
-165 424
-174 116
-12 -39
117 107
-488 246
-234 270
262 -500
-359 336
261 330
9 -374
81 -349
236 86
139 -419
315 485
246 -162
-238 155
462 271
423 88
385 -51
385 -271
499 397
88 -349
177 -49
471 -81
45 -62
89 -21
-435 316
397 -486
189 -106
232 -99
247 -65
396 494
-229 208
347 318
-453 347
243 231
72 236
-314 -480
-61 440
-433 -344
136 174
-320 -154
-140 -109
285 -424
-332 -452
-327 16
-300 105
-188 -431
387 -339
-493 349
-231 434
-140 -59
-39 32
-29 46
-107 91
-236 38
384 219
-391 -366
-289 434
482 394
-401 -431
174 -345
415 -201
-349 176
-286 301
-75 -342
99 -17
-486 285
-480 251
-159 -325
213 -397
322 -205
-70 -214
-281 121
-296 -169
-410 392
237 -196
-207 264
-371 151
-49 -56
-207 -157
326 66
-460 392
-168 31
206 -439
355 173
159 -391
-415 177
488 279
300 496
77 383
377 390
153 -187
154 -331
-196 -28
315 295
-139 97
-322 -170
361 -99
-348 11
374 -243
-444 -493
-126 32
-500 332
327 -139
434 300
189 -407
-94 310
480 -469
3 -441
355 -217
70 -183
-162 406
-194 248
-242 -302
-355 -351
-344 -368
-146 392
224 30
81 -455
345 -260
-166 -295
-486 34
-245 -70
-10 494
467 259
266 -466
440 -274
475 -397
493 436
275 423
245 328
220 431
-350 290
200 200 200
335 -367
-127 -78
127 179
403 -103
328 141
-175 349
107 -493
232 482
-292 -438
357 -139
-204 373
295 39
-134 -429
192 40
-171 276
409 33
455 -337
32 473
-441 -229
412 -375
474 387
394 427
99 -230
-478 -185
176 -3
-131 379
-83 163
234 354
-107 -26
440 -385
148 -88
-235 349
11 -208
63 -12
113 70
-353 -335
282 86
356 231
-454 -120
377 378
-53 222
-116 436
290 54
218 308
424 373
-215 158
-304 -239
54 -260
228 207
467 307
162 -160
426 -387
35 -56
14 -29
-461 81
-198 -109
-174 -324
230 -123
-316 306
179 -52
-395 298
-441 464
-297 492
-112 -197
300 432
462 -146
-342 -38
96 78
-452 193
-227 -391
0 278
454 -235
142 17
-178 -126
322 17
-186 191
154 117
108 -437
-444 48
-331 496
-461 357
-492 321
-102 388
80 104
213 -363
415 43
-1 404
-390 59
433 -360
157 -68
314 -56
251 162
225 -33
205 -452
234 282
-172 64
-115 273
161 -164
130 -27
110 431
-336 -158
436 -285
274 163
303 -455
-332 -104
30 -350
312 482
-362 471
-482 36
-493 344
-403 252
-286 -165
-139 -328
146 65
-314 491
-167 -245
-30 -150
-488 459
-496 434
-481 5
155 -328
-347 -261
-291 -34
193 -209
325 418
-141 200
226 423
285 -236
329 -414
-423 -70
-124 205
-446 -400
-442 36
-30 -434
72 -438
425 -321
-391 417
-427 -423
-441 -492
427 266
-345 384
-4 -215
49 381
468 -219
-99 -432
273 235
335 277
-187 18
-226 83
-164 -27
-158 36
-47 -240
-162 -49
-40 26
482 -413
471 -424
-139 -364
-483 -343
-372 101
-141 175
-91 29
-194 322
-471 434
16 119
282 -196
340 352
-388 -377
75 483
-302 -360
-273 225
301 -321
-494 388
-456 352
-358 -477
-112 363
-108 -309
-487 -13
-80 -112
197 -458
-464 126
-332 -22
101 67
49 471
-390 366
90 248
117 -473
105 -110
-258 123
-164 -160
-298 -426
-234 224
401 94
482 -221
-489 -180
137 -132
346 239
-195 305
275 -53
-188 354
-209 75
102 93
483 409
-279 397
-264 415
180 58
472 -61
223 446
415 373
383 -105
263 116
-146 19
-177 109
246 159
13 -403
172 248
-160 304
-98 464
361 -487
118 124
372 -404
-275 -203
433 343
215 449
-157 347
-37 98
307 -395
-96 317
-24 -370
418 -351
398 179
-328 -220
-257 428
131 -235
389 294
81 -251
-264 260
-208 306
254 -331
206 -493
-205 287
393 359
176 292
422 -204
-364 342
-290 30
310 224
-159 -428
-163 243
37 473
412 416
-135 308
113 -353
-494 158
-145 -443
344 -97
-239 -160
-369 -74
-87 437
-32 -447
-227 -261
463 -132
-59 -418
15 -197
466 278
-116 242
49 377
215 249
-94 353
410 -89
314 261
-400 -57
60 -425
202 -268
476 163
402 361
-272 -252
-480 54
357 -141
-363 35
-223 323
-111 21
-231 16
-132 -397
-295 -134
-374 468
-89 -482
284 418
-351 161
-177 -14
-154 315
-438 -276
278 -236
124 273
498 -176
337 -49
162 -226
-19 -274
-481 121
487 349
317 -276
434 304
221 418
78 217
393 370
-126 91
315 429
-307 -64
399 -218
106 7
458 396
361 -367
-451 -191
430 -159
-311 -432
484 417
-90 196
113 107
-177 -370
190 381
-29 -284
-356 -437
-311 476
-243 -473
34 -413
173 54
187 -319
-10 33
374 236
-6 -390
217 254
-51 -333
274 -374
-244 253
-177 288
-497 446
-492 -15
-40 338
56 388
475 -92
152 280
462 147
371 -472
-46 -359
-249 244
-313 448
306 468
-407 -173
270 79
-134 -461
175 -408
-233 -441
88 183
70 -82
16 -357
423 -266
72 -333
-305 74
-94 -58
376 149
-214 157
-185 -437
-110 -409
-139 -402
329 -341
442 -83
-23 3
-314 400
-183 255
88 -54
-129 333
500 10
275 443
-426 385
-277 -320
27 450
-488 9
-209 32
-179 -408
442 152
259 -351
152 74
-27 -265
180 28
165 290
-188 -233
-32 -465
168 -499
386 -258
-388 -68
-119 -392
-193 -171
52 -416
367 98
440 373
212 309
-428 199
124 -137
392 45
-476 495
-239 -254
472 -474
-473 229
161 -171
261 103
211 -37
-17 332
106 208
497 -466
97 -27
472 436
-176 -192
-139 -457
-222 139
133 443
-312 -198
-172 394
-187 -341
-12 -455
148 164
-373 439
271 -452
256 -200
-476 -434
39 252
-122 121
119 -300
-257 -108
-470 480
113 -289
13 -147
-253 301
151 31
76 -250
414 329
268 414
462 -460
-160 -272
-206 218
-341 -136
175 24
224 -273
120 484
154 158
369 -160
194 -234
257 -428
-207 131
381 -93
-264 60
-27 294
25 194
112 -375
33 55
110 96
-381 192
110 475
459 34
-309 420
-241 112
378 250
12 143
-227 134
232 306
-135 344
-172 158
-459 28
153 353
-403 153
-252 -315
68 207
182 -442
92 -323
-404 -170
442 -27
413 -455
189 9
333 -75
-270 462
-4 64
412 -215
3 324
-134 453
105 -344
-469 -37
361 44
-208 99
-34 -268
62 74
-454 62
108 -307
202 149
-427 487
138 -276
289 494
-222 -367
457 -110
-157 282
128 -178
-24 138
372 159
449 -164
-242 -337
237 -86
477 320
-488 -27
-378 -226
-240 -96
128 386
380 88
222 -394
-3 348
-181 -132
-119 340
-333 447
-204 357
383 -461
-298 -256
158 -360
460 130
293 -176
-212 162
-435 105
-9 48
-364 193
300 -440
408 48
416 -204
326 -273
364 -204
343 493
-469 -341
-407 225
55 425
54 -58
266 -296
366 -154
142 -446
-208 121
-186 -368
-308 -382
166 304
290 290
-484 -228
-242 115
-203 71
-80 -399
16 -171
444 14
456 262
466 -3
33 -89
-345 22
-358 -326
497 -52
-244 -354
450 379
169 113
385 -71
-457 -125
446 -358
434 -159
-140 -134
70 -50
-289 -197
-10 -285
126 367
-112 213
78 282
420 -279
-133 -236
-357 -325
288 -493
-64 312
-314 -138
5 -330
-299 323
-312 -372
-232 -249
-256 258
473 -331
-464 -76
327 -212
-431 -386
-165 -406
-141 489
355 -107
-410 2
-497 142
-496 -284
-424 380
202 -301
-483 -223
-282 390
-163 -214
-45 -38
386 500
-212 -319
-204 213
-3 -453
227 -179
200 200 200
-96 356
-453 81
413 -6
-99 241
121 107
306 -23
-55 -178
403 14
300 163
-375 430
430 -246
-374 201
-397 408
455 -78
-67 101
-354 181
-239 338
-169 -306
435 -326
281 232
400 55
68 -223
291 -156
-494 -340
-411 -220
-276 322
23 -482
116 -150
272 -184
417 71
-249 -295
-458 254
448 -297
-433 -437
-14 72
-373 38
315 -115
229 -115
45 -205
75 -75
-253 134
-157 300
-351 270
276 459
-281 112
7 -117
-364 -339
-136 -261
493 274
-155 -69
469 -22
53 -338
47 -26
-41 -219
-103 282
-394 -466
24 144
-397 -51
-403 -137
475 379
-239 -183
-22 -329
-90 -413
361 32
153 -97
71 -294
-132 -189
285 -376
-405 106
-113 -256
469 -8
-365 -7
132 -8
45 -262
308 -80
-73 20
-119 259
347 405
-374 292
385 207
103 279
-411 -45
-231 472
77 65
-1 -135
47 154
-353 -33
149 183
111 -31
389 -307
-97 -392
368 -185
410 285
-234 214
-390 -465
4 341
-205 214
185 -216
349 -245
120 452
105 -153
4 -334
39 -58
412 -348
-465 341
449 -10
306 -61
414 316
-281 215
-59 370
210 -170
-457 135
419 -496
-241 -82
-131 267
304 69
-74 164
297 -193
-351 155
-5 -102
388 -315
-186 -366
450 193
-402 -273
287 -331
-311 -271
364 -4
-310 -268
150 283
-261 -360
209 209
-438 -457
-460 325
-20 359
-244 -310
-435 165
299 335
-283 -121
-204 249
108 -185
-266 -418
78 297
219 -402
71 268
98 -442
267 310
43 -193
322 329
-122 84
-36 -199
467 -176
-342 29
408 -45
394 -434
-429 -297
476 -309
488 -194
-96 -257
201 -104
-46 165
-26 -201
106 411
-70 -483
-209 -383
-81 308
322 255
-217 -425
-280 171
237 -310
-417 -386
-195 308
-387 249
492 484
-121 -293
372 192
491 334
-66 -464
-447 -214
-96 364
171 -466
289 13
-222 -317
354 -429
452 -2
112 90
-103 -466
283 108
91 -299
-402 -36
-345 160
-317 161
197 337
-378 118
-19 -60
-26 -284
-81 343
-475 -238
-477 197
-305 379
-32 475
199 -3
-396 55
-54 -329
135 -115
-455 45
-295 -20
-184 -272
346 92
-469 -371
-155 -483
360 -305
-353 265
-349 385
263 -330
-356 -464
34 -270
-25 343
-487 -172
-96 422
-34 -162
318 -51
-133 -139
453 -366
454 404
421 174
369 -202
253 280
164 -485
376 405
131 -74
-154 -481
52 355
-317 11
-68 -245
93 -223
226 88
449 -400
425 283
186 401
-236 378
367 -204
-425 -368
338 119
-287 -71
355 -97
-388 345
199 391
-98 164
109 72
349 24
-388 392
493 -236
238 -440
152 417
295 -77
220 416
239 161
470 -15
415 -234
170 374
-92 -41
-460 282
-364 -394
-131 -368
156 245
-173 408
-328 268
19 -181
426 100
-478 361
-34 220
-430 -68
108 -296
-339 231
104 22
171 21
493 -489
308 211
343 319
-246 -324
-416 -311
457 81
400 447
46 -335
-475 15
-265 -242
-119 -8
-114 496
-84 179
391 -263
258 -481
221 61
-228 -59
-241 29
-105 305
494 -297
284 -331
306 141
306 -127
389 -459
491 22
-487 314
-1 -439
240 -411
-173 416
435 130
-310 275
-285 -154
65 -348
458 -335
-132 460
320 141
-219 -348
25 125
167 278
-201 -397
417 -153
-92 -498
-409 -84
-169 -353
277 -82
-307 456
492 157
0 -92
-237 56
16 -43
288 132
284 -165
150 260
37 499
293 -494
-147 26
28 209
315 261
98 119
-463 336
-18 -436
222 421
-482 -27
-471 -279
-132 -218
414 45
70 346
105 -113
-425 410
417 -359
167 368
-233 460
-89 -306
4 -419
418 -492
-427 -269
-349 -101
372 -15
-104 360
-359 91
326 -46
-201 245
322 -105
496 95
-74 398
-45 102
61 -407
478 222
-6 472
171 -329
-98 -399
0 -66
109 -257
-397 -439
153 -496
-352 435
180 -22
64 -363
232 -309
-412 -251
351 349
132 -266
456 -399
-427 109
-29 -361
-260 244
368 373
307 -70
-8 -24
-20 410
344 335
-498 -182
-355 -287
-95 -244
5 68
-84 -317
-83 -455
-353 -453
-154 -437
-298 411
-156 317
-120 -57
373 -289
187 -314
286 -446
79 357
365 -181
33 -228
28 -491
77 128
1 224
-41 493
-461 419
172 106
-294 -114
393 64
-494 50
261 -228
-352 70
-186 -363
494 434
-247 394
-335 358
368 -24
294 -117
297 -366
-373 -206
403 -244
52 357
433 74
-362 259
-192 326
-403 335
-406 260
397 -254
370 -91
493 81
-62 313
479 348
-270 496
321 -38
257 -473
-217 448
304 -151
424 335
93 -73
-248 252
-224 92
-149 -151
-215 -129
-30 438
18 346
-152 -38
-191 147
-168 -173
289 -271
447 -348
-401 -265
85 420
255 94
-480 -302
450 -463
-181 463
-189 416
-214 -140
-202 -213
323 -54
408 316
-348 -330
-313 407
327 -15
137 477
402 273
193 -73
-480 -14
184 -363
365 231
193 -177
430 -316
44 194
171 -285
-148 32
-462 -317
-146 -241
357 -310
175 41
-293 -127
336 -498
-71 -391
95 28
-145 -361
60 470
483 -280
-406 -248
136 412
318 -172
361 498
-320 -331
-382 89
279 34
266 165
-463 -356
337 473
272 374
-409 -235
-96 -443
-474 -363
-143 464
406 199
111 -359
-31 -269
-272 -382
-213 -481
-202 -91
133 -95
261 268
412 -412
-439 -12
-139 248
203 333
390 -357
-220 297
-50 106
496 -173
-342 -145
-224 106
-86 127
-163 5
104 201
296 -175
-408 427
-485 -254
235 194
-369 -424
99 -405
429 334
-180 -321
-25 399
-275 270
-376 -30
266 -117
201 -409
96 -321
70 228
243 390
316 -134
112 336
29 331
407 -154
-368 -149
375 -304
-435 251
150 -305
465 40
201 65
139 280
371 -34
146 -471
-53 -344
-455 406
-229 -311
215 361
192 74
110 435
-215 -212
-16 -68
374 -341
-146 -261
-30 -287
-32 -491
289 -330
136 -394
326 -151
5 472
378 463
343 50
-90 339
-398 57
-9 -399
-420 -97
25 -34
126 -246
-6 -102
111 170
-131 464
-367 -421
376 -343
-304 -41
-379 -108
-146 201
-250 499
27 387
-56 161
-48 130
223 125
-409 32
287 -253
146 -93
267 -220
434 447
216 -364
484 257
-285 92
174 -320
200 200 200
381 -164
-476 218
105 -369
-18 52
372 -452
-137 434
-344 94
31 -46
361 443
413 367
314 128
-46 36
-208 29
311 -63
117 -303
34 -16
393 -312
-491 -252
300 -3
-265 -9
-386 -139
145 98
-448 -230
403 -324
-458 103
-270 5
231 46
-425 -126
312 -478
-280 76
251 -382
-194 -56
192 143
-361 -495
-4 -318
-267 -436
162 -199
-239 379
245 -96
-493 355
-451 -23
-477 428
-198 281
-7 289
-446 304
422 -97
37 305
-53 419
424 -271
-399 -224
-160 -390
-89 -166
403 -498
-404 -138
-284 -163
315 -397
222 -234
-454 28
-494 -477
17 -271
133 -440
366 -372
-454 -331
-412 -498
-221 161
-39 380
-286 119
-189 372
424 307
-356 -402
-299 -360
-94 149
-324 113
-174 -358
-439 -318
433 343
472 194
54 298
-9 208
-442 -168
-288 270
-422 19
-420 -384
423 -420
-322 -496
-356 257
-95 -431
-127 -260
-428 -229
-357 199
42 -367
18 -424
64 -297
411 -429
-407 245
14 160
-322 -195
-79 -217
-447 -241
454 -466
-19 422
491 -403
-473 77
348 -447
253 -401
423 182
-52 485
-313 -60
-299 202
-53 288
-53 -205
100 151
434 -184
-235 212
-64 487
408 -282
-495 417
-7 89
142 223
322 -469
213 -416
-432 244
375 351
52 446
-76 -425
-130 499
150 61
377 161
-128 -227
451 332
-451 308
-86 48
327 245
-33 98
129 -31
-257 479
-87 -469
382 -188
448 -213
-138 -377
-378 -129
123 -77
-417 -38
-75 -311
-479 -355
453 -125
114 261
6 -444
154 -60
99 473
452 473
-497 343
-346 -136
-159 75
199 292
354 203
316 11
163 -24
165 399
-457 278
344 186
-53 186
-67 -43
397 143
-195 -414
-441 -4
-162 -244
-190 253
-482 -318
474 -159
-456 -93
108 17
493 50
-51 461
238 158
-467 -318
369 81
228 -330
313 -199
-423 125
311 -382
-436 327
-230 339
-480 -435
-94 -212
-115 184
-299 -360
191 183
143 384
41 -361
-489 -430
-158 -235
-65 380
371 -431
-116 -252
-134 449
-35 -306
223 -380
-315 235
213 -67
308 92
-78 -403
280 199
82 -388
442 -388
-317 314
-422 454
23 25
94 13
261 -106
-468 169
53 317
438 -3
-268 -224
209 -378
-96 135
-77 -294
405 327
439 -298
-495 -13
-200 71
24 -312
-97 -122
391 -454
-370 187
-145 -158
-342 -338
160 409
375 -405
409 82
-284 -227
-20 -498
329 139
32 -116
371 -42
-472 -273
-85 361
-262 -258
-212 318
4 320
352 -391
-229 50
-352 -491
296 121
-298 -478
-205 204
206 -391
-62 275
350 -275
-127 160
387 -90
-229 -99
-167 -199
309 -301
209 -189
-80 -497
-257 60
70 192
-188 -109
-87 -445
-51 -295
-186 -102
364 345
-431 -58
-398 213
-378 -58
33 489
481 -417
474 366
-323 -21
-328 182
-258 97
479 -85
306 2
-253 -209
-4 -282
-193 196
40 0
132 -330
73 -200
242 234
-87 195
-31 466
21 -417
62 -58
-377 198
486 235
340 -445
-253 464
-246 146
54 -6
380 -60
130 361
221 -80
220 -238
186 -207
179 -349
307 289
372 -353
-221 -172
-475 -66
359 -408
-352 201
165 -112
-467 -415
-230 109
240 -222
329 -351
69 -441
-489 50
343 479
321 198
-14 -289
-142 127
455 -452
-328 137
-80 171
-129 221
-392 -242
-157 226
-165 -358
-390 -197
-47 265
324 439
-12 212
191 336
-277 -479
-268 -299
328 -101
-53 -219
108 -27
-357 119
-161 -473
476 -296
431 -52
-220 -181
122 456
220 -110
-482 265
-23 43
-432 -303
409 358
-442 -209
191 331
-389 76
-452 -363
-53 -90
-373 382
277 286
424 -397
-388 207
-148 394
474 -76
-311 -429
114 493
-311 -144
-287 -127
164 288
118 462
37 -146
-318 -80
20 -224
348 -181
295 147
-60 -186
-480 219
-198 -258
167 -438
-367 -224
-232 46
402 -62
311 -353
435 -386
-425 -26
19 52
472 -198
-232 -109
-100 -9
329 307
-380 -306
103 459
-299 332
394 406
-319 58
-397 -473
-345 -51
-214 -496
-382 466
-371 411
-38 384
376 -162
-81 -376
-195 -356
451 319
-487 324
283 -430
402 116
21 174
-269 -14
13 -108
31 -166
-162 -142
-487 317
227 -354
-471 333
-329 380
194 95
239 -220
290 499
13 -121
-360 -7
-392 486
159 -459
-283 -180
212 390
414 230
278 434
250 -249
-413 291
124 -333
-454 307
-99 -15
265 240
-72 331
-291 -256
237 131
116 -151
-419 36
356 -226
354 -202
219 -243
-310 -43
-102 -4
478 131
298 -15
-209 101
-415 34
-227 -117
-287 40
-25 -109
-478 -388
-348 -289
247 138
103 424
412 -208
-260 -354
104 -180
317 -380
251 -499
-13 -16
-416 -262
272 -32
41 360
-411 235
317 254
57 64
276 29
-334 209
-178 -288
5 -41
106 -267
54 -65
55 400
91 -440
44 497
425 -423
-264 -182
-323 -113
312 277
-279 457
21 128
-344 -32
-324 487
-302 -487
-28 -312
-79 -107
18 268
-143 165
225 -427
260 449
216 459
-224 184
261 142
-81 -357
-400 73
-300 -170
298 -189
-203 -143
-440 164
352 -315
79 -278
491 463
128 -404
360 -463
486 -458
-499 -191
184 202
-467 468
302 -56
-484 -358
-28 402
-288 -283
-236 460
-187 -301
-116 -486
-264 -336
318 153
-60 417
455 -55
-13 -201
109 130
-479 -322
-354 -208
236 -445
-303 138
39 -57
160 170
-181 -59
140 114
128 133
-13 214
-133 364
-29 -196
249 307
-395 -75
-446 427
295 -96
-114 -424
-369 131
-232 313
-245 -482
-122 307
438 105
409 198
-170 77
-209 -274
280 7
312 -152
-346 -250
175 -250
367 450
-456 -80
-314 162
-208 -70
433 -493
-475 61
-443 -313
-18 -96
-399 496
-238 -110
116 -379
128 -257
91 -104
146 -371
-120 -65
-115 -489
-379 437
98 -381
49 -193
-496 391
-359 -328
-141 -471
-377 -302
384 342
422 415
226 -354
-421 38
124 -146
-327 171
296 460
161 -257
-320 371
490 282
279 278
-142 -271
-99 -27
3 -311
-112 260
-209 -184
-269 462
298 404
-369 457
-500 378
-262 255
-96 -326
-393 -467
405 -435
37 -213
256 394
-378 -494
-21 304
494 23
474 172
489 -429
-468 455
358 410
366 331
208 489
-67 57
-79 136
200 200 200
169 338
93 28
6 -237
348 320
326 452
255 470
-317 496
-143 -62
9 347
-9 -155
445 42
-438 -151
-163 311
-133 -40
-405 -39
-202 -22
-495 -46
218 81
-100 -299
-348 65
-276 417
102 408
-155 -403
134 459
495 45
277 -375
-26 439
249 339
489 1
462 306
-217 -417
-273 450
30 480
-320 445
-301 121
-273 -167
431 -76
-289 329
287 466
10 346
471 -29
-90 477
5 -366
135 349
155 -7
-234 -213
427 128
-203 -6
-372 -353
268 -332
1 -172
-58 185
13 -379
277 153
-312 490
-39 478
454 -342
-208 371
219 -41
452 118
95 -437
-118 409
-98 21
168 -131
37 30
358 -375
310 228
349 490
143 -178
-498 -184
-207 21
180 -37
-477 -254
-105 162
470 -68
-314 -463
446 64
-415 68
127 -153
67 -57
69 -336
392 -385
-396 -122
-109 -69
247 -63
459 -107
46 230
476 -172
180 69
191 -439
-402 150
404 377
-366 234
271 179
-378 262
116 -163
-48 -119
259 7
128 57
184 -351
-268 -126
-397 142
470 278
-464 270
21 -160
490 -82
-206 -191
-458 83
-238 -381
381 313
-351 -426
-45 -4
193 -208
39 404
244 -179
-115 -278
365 476
-56 -321
449 24
364 -330
88 -341
-32 43
-374 73
192 10
-178 -422
343 -238
-52 -339
-47 488
391 -360
-349 492
-286 -176
-200 37
-94 269
-208 -66
104 -456
-297 347
-111 383
-45 171
-320 -295
-217 337
-402 -308
-457 316
303 -264
-434 -313
-322 -116
208 -282
-55 -418
41 198
-369 351
395 24
-130 -74
-192 -403
-42 259
465 -47
-211 -172
20 438
254 -423
-187 -247
-60 -254
130 -431
-213 -191
-419 -162
226 -78
-228 123
-354 358
474 357
144 -294
465 472
-76 -399
-71 119
-253 -97
-330 139
393 -500
437 -327
-258 -168
-169 67
95 30
142 -87
-465 -180
368 415
-39 372
-423 341
312 -395
397 232
-149 426
-482 -484
155 -212
-212 -312
-139 -263
70 415
-19 104
324 91
-497 266
277 -35
-431 229
100 144
-325 -279
-484 -133
-401 177
-207 413
429 -360
-72 -189
0 84
11 -94
-180 51
-346 271
-138 -8
-243 168
324 -135
285 -467
-132 393
-387 -116
-58 -267
410 -371
233 41
-129 -298
-296 161
435 299
395 204
-246 -54
-284 -286
206 -401
267 -232
134 154
187 90
-327 -82
-8 245
478 477
297 434
-336 78
280 29
380 35
-477 174
-123 5
141 418
323 -178
-79 47
316 28
-319 378
-342 -361
-253 59
494 -169
498 -71
-447 472
49 294
-488 -283
-57 -482
193 83
278 -34
-426 260
-419 -392
155 397
-386 -308
-430 -340
-201 487
-265 419
440 -264
166 -272
-301 437
-79 219
436 -62
-43 -377
206 -432
-275 340
99 -327
-219 -201
386 -129
63 127
287 500
176 -177
-259 277
-488 411
-361 -320
-383 178
-104 -162
-33 -272
-149 -478
281 424
-47 248
421 -495
495 242
-388 393
19 70
-240 176
189 -195
-419 436
347 431
-390 285
-38 176
-487 -273
-45 49
-239 -330
284 -3
-256 -459
238 -264
479 355
247 -78
493 281
-354 -235
-239 -248
-313 336
266 -158
317 224
-101 376
294 470
18 -397
-227 439
-65 -31
-300 -443
-207 -131
-276 438
-140 462
-67 471
427 -458
-206 79
-86 -313
-281 -329
396 370
246 -464
196 -206
-103 -271
358 -287
-128 -139
-82 484
-148 72
-300 -99
-447 -234
428 -250
-208 -14
255 44
231 -224
-53 -331
-462 140
-134 -158
-173 -26
-107 -439
465 -86
275 442
425 -164
99 383
475 467
-267 -11
-71 -473
-297 351
-106 -89
187 458
-374 315
-46 -367
-334 356
-481 11
72 -7
407 -397
-456 37
63 -128
-246 469
125 352
-470 -272
-245 48
-102 -41
370 -352
-394 -18
487 -254
-120 423
-32 -59
142 46
229 -12
-219 -287
-60 135
-494 -175
484 -497
45 452
-321 108
347 76
-466 -375
-227 -256
-83 95
341 -431
493 -97
34 411
-44 -40
138 -325
-421 -316
10 419
-257 19
-288 -294
-343 417
-285 258
-167 -163
-348 -439
496 -133
152 -385
-315 -88
6 -7
-97 -323
137 230
406 50
-76 -225
384 175
-307 434
-360 318
234 -94
-337 -203
-176 449
200 -314
-257 -24
92 196
298 396
-112 277
144 -197
-467 -19
-470 -220
-255 129
494 -45
-422 320
137 -314
-218 -282
-294 -440
200 -365
-179 30
197 -101
-406 65
-350 479
-55 83
386 38
209 -412
-442 109
428 -70
385 495
314 421
298 153
372 -50
10 -421
406 268
488 -291
-201 -274
-19 184
-148 -107
476 131
359 297
385 52
351 68
498 134
128 -31
-421 72
-276 -59
81 377
147 286
-257 281
181 52
-32 -269
105 480
-438 140
-230 458
254 229
471 320
-423 -171
153 321
480 265
-474 -220
-89 -441
126 441
-83 182
-348 -228
14 160
391 333
2 173
-188 -4
-47 65
-207 -228
-409 397
416 454
-36 359
123 68
38 -56
3 149
90 139
-180 319
-409 -494
-144 -337
496 -205
468 -253
-67 -2
253 470
-258 386
-28 236
189 -477
383 -422
-164 -348
96 -305
35 375
-297 289
108 315
11 -286
-123 -111
-126 367
-387 -438
60 -158
-189 46
-379 -188
-453 -257
-233 -216
-138 -74
79 340
-466 -112
453 365
154 -241
-427 -344
-440 452
-470 84
-49 -63
-1 -96
-64 -246
301 250
252 -62
181 112
396 300
416 138
-333 448
-474 -6
-141 393
-349 479
325 203
-156 -275
309 385
-179 -126
-32 450
-296 11
451 405
-158 -496
-194 202
-309 213
-149 393
30 -393
101 -292
-400 56
35 150
-148 443
-333 -451
435 196
260 166
116 446
-354 -272
-368 320
14 -404
299 -336
377 320
-98 490
-404 418
-374 433
-12 198
-463 417
359 213
263 -110
276 216
-118 -113
-168 36
264 188
7 -21
75 86
250 211
-280 -127
-447 -184
-266 123
55 -351
37 -450
467 233
-364 75
155 16
-269 399
476 -70
466 113
491 -193
-24 -81
195 -3
-293 -449
-386 -56
261 -382
241 -333
-493 185
235 -205
218 44
309 -109
407 354
-58 -37
394 329
-369 -83
225 49
469 -378
119 -300
442 -147
298 17
135 247
414 -252
123 -435
-450 111
-345 -453
-372 268
122 464
-383 -465
54 254
200 200 200
-329 -490
59 185
307 86
-24 -283
71 -384
-177 -392
355 -442
497 148
213 -42
-431 -191
-144 263
-280 415
68 -16
-291 342
-214 185
195 263
-52 -43
233 445
352 445
-440 -292
-184 -388
361 -117
-470 361
-181 47
356 -67
-305 -422
493 -289
-114 -84
448 -250
436 95
-452 -267
-120 -180
455 -314
-370 -388
-489 -3
109 -309
-236 -483
379 -340
207 486
-82 388
466 63
-36 -196
-90 148
398 40
326 -453
-219 23
344 374
-441 -149
-346 298
485 -311
-430 356
373 94
-56 -165
-490 -59
-172 -350
-97 -72
-78 484
131 58
-403 332
380 -281
242 113
-14 351
-299 85
-427 -265
-385 -455
401 -443
-159 376
401 -36
405 285
126 411
-161 -267
-284 -472
-224 261
-217 38
257 -126
487 -338
-488 -2
274 -337
-412 404
140 347
94 -297
270 40
194 436
-90 170
81 99
22 -465
255 110
-440 238
466 -470
-406 -157
-305 222
-280 272
435 398
302 494
30 213
107 -59
171 -377
249 -124
-455 -135
464 -341
385 -184
426 -325
413 139
170 177
210 69
-210 264
35 406
303 -300
384 -341
373 -206
235 -397
418 -21
45 -404
-349 166
15 90
407 305
480 -100
-462 22
389 82
-350 -102
353 99
4 -59
-169 -113
-263 -194
-209 -285
-182 300
469 -475
312 -265
92 13
293 463
267 -394
-304 -111
102 246
-172 426
-177 -10
-412 -332
109 -325
-247 92
89 131
346 -320
480 380
95 354
280 138
-350 -403
-441 -439
358 133
-478 17
-238 -446
480 124
-387 -220
-51 493
359 -298
-16 248
-122 302
482 263
-168 414
-42 151
-212 118
215 428
489 -372
261 -36
481 346
90 -27
-404 434
-287 -241
-248 401
293 -148
-400 301
102 -224
230 -332
273 -227
114 252
-131 -270
-343 92
220 274
-262 336
181 -330
144 -282
-349 462
-280 -70
-170 -445
-93 -338
463 -378
-101 -303
-444 -246
-283 319
70 329
-442 21
-388 130
-97 406
241 22
193 141
360 -389
263 -474
-44 201
256 484
336 287
409 -337
-450 -11
243 498
6 -394
435 151
-329 -424
206 183
88 -216
-4 299
-60 -482
321 -312
405 490
190 83
-244 -139
-353 -364
490 -408
81 246
-66 -461
-354 -487
164 440
-485 271
-356 26
0 -89
401 -78
-59 496
375 -160
-481 452
34 279
-361 -101
35 291
383 477
-87 24
-246 -347
-334 347
286 -410
361 21
-454 -8
93 195
-383 46
-269 -7
333 -252
-301 -395
385 42
442 -77
-287 214
-119 -334
-119 286
439 294
-170 135
225 -395
-184 -385
107 -225
471 -138
98 -300
193 -413
-165 329
435 -284
-52 34
457 319
-278 -421
-254 361
-164 103
-414 127
-239 -225
-430 -84
-278 176
451 -114
-62 329
219 421
-493 -465
364 -398
-492 -468
-244 298
-194 -354
-274 -287
264 -281
322 -28
289 -401
-436 99
-486 240
-85 -366
-290 -264
256 -445
477 148
183 -336
457 174
207 -263
225 155
302 463
366 222
441 -473
-311 -181
-81 -48
-450 478
-93 -17
-192 256
492 322
67 -292
357 -63
-208 43
-283 -271
-344 -252
94 114
-234 382
103 -105
-78 -368
-49 43
185 -199
-222 60
234 236
-9 185
-304 232
440 -328
-200 263
497 -14
-94 92
30 404
17 62
-57 -377
-292 -27
105 236
469 -180
121 247
497 154
-111 399
-227 -80
-349 70
-68 -341
113 282
-233 232
-487 109
-298 173
426 44
-143 -91
382 -132
295 -244
76 -323
114 263
-84 -303
286 110
-470 305
-436 -441
409 -319
153 -3
419 21
320 421
-217 433
-334 -479
-70 399
-233 -287
-31 -188
-321 -439
324 -455
-258 293
-98 431
-75 -473
277 -378
495 -10
177 186
397 147
-243 95
27 217
238 41
-61 -117
97 359
361 -104
-353 -435
-390 -461
332 162
92 -458
-430 -267
-144 -484
-304 37
-278 -150
187 373
-32 -381
26 445
-15 185
-432 -237
312 114
201 165
-80 172
211 38
-301 -279
-237 42
-34 -19
-312 -477
61 12
52 -426
448 -27
-218 -262
-318 -395
290 308
262 -143
162 358
-288 73
-255 -448
90 133
354 146
-312 -20
151 307
331 -156
356 339
414 -109
54 -403
-165 51
156 337
-166 -292
-245 -55
494 -405
-141 417
469 -295
28 -206
440 -251
229 -429
379 318
-339 -121
409 209
290 207
-6 322
-438 -157
370 330
228 218
-338 -296
490 483
90 346
-449 -152
-168 58
307 -231
-159 -228
-411 -275
105 -281
118 442
-162 -297
215 -93
-60 333
-148 277
-6 -500
395 -421
252 -154
-308 384
423 -159
90 434
-298 -246
26 -104
-188 -267
-358 -194
438 107
310 260
357 -225
298 24
-200 488
488 -351
419 294
330 72
-45 171
-489 -479
145 -433
-178 101
188 38
271 38
34 500
106 104
-447 -29
-63 -85
439 411
88 425
-426 429
222 -235
337 493
163 -259
454 -209
-451 175
466 98
-365 -129
99 153
152 97
-300 -367
-206 448
-448 -247
354 -79
-154 491
109 -59
-104 -390
293 -480
-238 -268
-286 -44
321 -285
313 -237
-176 286
-371 139
-265 423
246 -29
-81 -375
-122 231
-349 -29
-348 423
-447 -313
488 261
282 -50
182 281
427 234
449 396
349 247
-278 -49
-411 -328
-405 -149
323 -486
-361 341
-239 432
-408 -292
-370 -87
-210 435
196 -317
133 469
249 -333
401 -495
91 175
-389 39
490 -60
112 -477
-125 -421
-407 -103
429 388
9 424
-369 -311
-208 101
36 452
-366 -227
-259 422
279 -42
-347 490
-146 -131
408 244
-317 -35
-12 397
166 -14
383 53
-370 -50
-127 1
191 -171
431 4
-45 483
-245 -344
268 -221
-73 -314
-325 46
105 80
-486 29
184 12
-402 -303
-127 -328
-85 265
405 447
-53 46
375 -223
-29 328
311 -5
-159 116
85 256
443 -392
-156 -488
-218 308
-473 449
-350 -204
-316 211
73 -251
204 57
-307 489
-276 108
75 141
-32 289
-216 -455
161 469
-85 -185
-76 -255
448 -453
45 -42
-403 -270
26 72
474 -253
-314 -100
148 46
-276 390
-313 341
-329 -52
-263 262
307 140
-202 -289
26 -343
-407 -97
-50 140
289 231
461 496
-243 386
323 -323
-233 -270
-33 -491
89 415
256 191
-361 277
38 427
-244 -434
200 200 200
468 -465
383 55
458 -317
324 166
-103 -402
284 -198
-313 -453
415 -460
462 200
209 -318
-404 -72
-382 -202
-426 42
-341 448
204 -198
-473 -85
160 171
355 411
76 -192
-94 -132
-140 163
-99 -311
420 47
-254 -185
-313 381
-192 146
444 475
16 -73
-436 208
200 -135
281 269
-371 228
138 -60
248 174
-459 404
-243 344
223 -99
138 158
163 143
-287 75
411 351
15 22
139 44
-249 -470
-414 203
-339 451
-132 367
497 -209
465 196
100 -65
-222 197
288 357
-296 -499
-166 -384
-119 367
217 47
259 -209
335 -269
453 -103
291 276
-84 -462
95 142
433 285
-20 91
-475 88
475 270
-184 495
186 -48
68 20
-423 -481
-244 139
120 -16
-94 -485
-398 -46
420 -452
277 83
-275 -474
311 -129
152 348
-375 481
251 -132
-138 -401
52 257
468 -453
257 310
-361 -456
28 203
218 259
404 434
482 11
-407 13
39 258
319 -182
-334 -151
-480 -29
339 -209
-419 -39
-283 -300
438 -177
323 -316
419 -116
-414 462
-89 -53
-120 -5
-495 -186
327 -448
310 289
-393 -134
-95 129
290 464
445 -75
76 128
18 216
-462 -16
168 -45
29 52
13 -223
224 115
300 424
428 294
346 305
94 255
311 -154
165 -109
-456 406
-479 -356
272 489
205 97
-420 -211
-66 -67
485 -61
216 153
-233 -312
302 -371
423 258
62 230
-326 -41
-5 346
427 485
390 350
494 471
150 411
-302 -45
-66 -456
-333 -222
-93 368
20 -348
-470 -378
442 -23
-266 332
61 365
-487 -13
-478 -75
-91 -302
-453 450
110 490
90 231
-315 450
494 288
257 119
-324 -339
-497 -337
477 -114
363 -467
55 108
-28 288
465 307
-269 -325
-127 487
126 -169
-490 -390
341 427
376 100
-422 -475
-166 370
221 25
188 10
396 -86
-363 -146
463 -51
-264 192
-2 -376
491 -300
377 230
251 -137
-336 3
-71 261
-140 -496
221 495
54 -372
153 -446
65 -226
-122 -159
-115 -40
409 15
-293 -463
353 335
225 -105
-376 343
396 102
295 375
135 -441
255 414
408 186
314 -25
29 -38
-74 -33
-2 284
435 305
-491 73
111 33
-132 -284
112 -347
496 283
-116 -74
492 391
141 369
282 -184
-499 -105
370 -120
32 6
473 -412
63 148
-358 -340
-77 -3
220 -348
-132 224
377 -413
61 170
-404 372
-47 445
4 278
-407 -407
-12 476
-145 286
-209 -453
326 77
-275 454
-387 -112
75 -443
-291 -274
451 -205
-428 -232
438 327
199 133
-232 224
1 -349
435 272
-63 -215
-430 -78
-341 293
-441 -139
-186 485
-437 475
-468 -383
-157 -172
-187 -259
9 -207
311 -114
209 -363
361 9
-150 167
-372 -448
-163 -216
-104 66
-452 -93
-42 55
-271 -393
273 272
79 -208
121 305
236 112
96 434
-491 436
263 -94
415 -91
-425 -187
-135 455
429 -296
270 -108
299 -176
69 318
115 447
218 298
-410 -113
382 487
99 -99
-476 118
-257 -306
100 225
-367 -495
-182 -296
349 -292
-88 -126
266 277
291 372
189 -245
-299 -141
-344 -196
191 110
96 437
-163 73
381 385
269 -448
277 314
9 -442
-238 410
-383 327
391 301
77 -280
-409 157
102 -133
226 -29
-35 303
-398 73
9 -345
-82 199
-227 347
399 489
302 -458
-400 -135
-226 -500
328 -447
354 -419
492 218
-436 -379
-322 -417
-256 166
-341 405
-23 209
54 -239
150 486
22 163
151 424
466 -390
-25 -357
-357 256
309 -61
21 161
-431 -147
-26 12
-215 324
-10 152
-254 29
428 -161
100 -87
-411 -18
-356 -250
364 111
-88 -15
-182 19
-226 387
-174 -348
313 274
-374 37
-452 72
-104 100
-249 -476
-257 76
415 -312
101 -329
-157 -296
-46 190
492 -323
-148 -493
26 -97
480 171
323 301
74 -195
32 -175
398 200
490 -229
-205 484
-251 431
-382 -272
-101 354
-443 220
-91 -68
109 -298
-291 -100
-7 462
-178 236
-274 -27
-32 335
-341 -10
380 -500
-229 247
-80 369
-11 -244
-16 169
22 108
-483 74
-495 80
282 -384
-293 -195
457 181
-394 200
-328 469
303 -168
12 -169
-169 462
-101 -109
450 -208
48 319
-12 -61
237 -469
-205 -491
-221 254
370 492
-204 251
-68 267
-33 443
411 -272
61 -171
160 213
-136 -428
-346 491
473 263
82 -397
-268 20
-258 -431
269 469
222 -273
-282 239
-11 -218
-452 14
-354 111
340 -295
35 -444
-41 -410
353 385
66 324
86 -494
301 38
-442 -333
427 -468
-499 491
-283 -114
-376 -87
-115 -64
140 -197
105 -66
-171 287
33 -366
-276 54
-61 493
316 -424
274 -496
42 -409
-241 -236
-204 -210
471 376
452 488
-409 -312
-186 -425
-431 -24
100 144
-70 174
308 120
-327 154
-164 222
-12 112
116 342
433 452
-285 349
-362 382
258 -298
-311 -391
488 209
-25 471
-363 492
135 -266
408 -73
-454 256
-91 -95
317 411
22 245
86 -196
-244 329
177 -292
-410 -29
173 5
-196 38
437 53
-287 -209
-218 -89
145 -150
-32 108
-137 -258
-163 -296
-386 -38
397 -347
-352 137
-345 -328
-120 -96
65 332
-164 -30
198 -262
-19 141
122 135
236 194
235 95
-298 -429
-497 393
-404 65
217 -159
-316 -289
38 113
285 -168
236 193
-286 -336
-175 492
-271 50
381 -478
-153 -100
284 -307
288 -417
-346 -292
-400 490
-256 348
379 -303
-402 461
-237 -437
-105 -174
-482 -453
-289 322
313 423
-28 -274
-251 232
322 -457
-264 -214
-131 105
314 214
-107 -287
-439 414
301 -173
-213 130
193 399
415 50
-213 279
-210 123
45 -312
-85 -398
24 -483
251 -146
140 -155
450 177
-110 200
103 -47
-443 283
-391 -146
485 358
-53 -414
-174 177
-45 -139
485 113
301 245
37 29
-264 406
-241 251
-405 177
-147 90
-211 236
379 -67
406 392
-254 436
-16 -486
291 -270
97 431
482 307
-391 243
-323 156
-315 101
6 215
-345 -389
289 266
-145 -249
177 332
-235 -166
-275 -255
-319 -330
376 -339
-419 165
-215 -144
-337 179
-79 -234
423 463
63 98
-498 298
409 -431
25 -342
-401 -113
410 70
404 276
-480 365
225 319
481 392
-254 -210
147 -439
-70 31
200 200 200
298 0
-38 351
-51 -90
-293 -475
285 -49
-201 306
384 -191
379 -102
364 293
-153 -28
-210 75
-34 -429
-138 461
213 213
-257 199
-302 -358
494 231
-360 -150
-125 -368
-227 -153
-347 -341
-342 73
471 227
19 227
-302 335
-91 366
127 -321
-361 65
-223 489
-123 352
185 -289
442 75
426 178
0 -418
-381 491
341 273
-155 463
189 499
226 -184
341 398
-47 114
293 -251
314 -420
259 123
-336 282
493 -364
-99 349
-284 124
-104 -484
-493 216
-11 16
-332 348
36 334
340 48
-55 452
66 180
119 89
-141 -142
171 -67
405 308
134 336
-126 397
-290 -465
-449 91
-194 107
313 249
-214 -15
-181 481
-282 323
274 349
29 164
443 -161
-112 -353
-230 492
299 249
84 -326
261 -67
-342 459
49 472
-232 400
149 45
-470 -420
251 435
-53 -461
388 470
-177 -279
-250 -394
445 -235
-244 -172
-423 405
-421 245
-323 -149
500 30
-309 -165
-265 -262
284 -41
-271 74
8 4
43 481
450 456
367 -380
-273 -228
-273 307
326 362
266 -327
418 93
444 35
-435 -405
-380 444
-319 447
-94 -455
119 155
-342 135
-195 -373
273 -109
12 -246
-284 -171
326 -71
-210 -57
116 151
-257 246
-219 34
-181 378
11 -464
173 -61
-15 -118
-463 -422
-96 -397
421 386
-223 209
154 -117
-98 -21
98 370
-497 -272
69 78
-177 119
343 3
-120 -206
-170 -339
-209 81
463 -497
272 -34
69 190
76 366
-235 -320
-247 43
-479 419
-22 156
74 119
-304 -19
291 333
-165 -291
4 -177
-15 -95
486 24
-283 -34
432 139
-172 180
45 -310
-130 404
-54 310
-82 -186
160 -343
-34 397
-433 -267
256 162
62 358
-319 -409
-4 -435
89 -144
322 -328
311 -3
-324 253
133 -362
233 221
-279 -497
-493 369
-474 139
-275 167
90 -8
345 -207
341 -155
-64 -94
-339 -479
-433 123
-15 -60
437 389
-169 486
-377 -388
24 465
158 46
-85 -65
-427 165
-479 -59
123 490
-218 111
456 -343
-247 -378
335 -418
-105 -396
45 402
-19 380
365 -329
475 2
-344 178
415 -2
433 314
-332 -171
-40 196
185 380
-10 273
431 157
-30 -364
-282 374
479 -196
-295 -197
373 23
194 -124
379 237
-396 168
356 -466
39 -482
-153 -22
365 -103
-223 -3
-230 -261
397 267
93 391
264 -134
170 1
304 242
455 65
132 176
-398 -161
197 10
44 398
416 53
221 273
-330 454
-360 85
15 -53
404 -90
-200 -89
-33 -313
188 255
-4 327
-419 -318
358 -359
-20 213
-278 151
48 -324
-81 -43
-271 -37
-394 331
-395 -411
36 -253
-153 120
221 -370
-183 148
-408 -313
-487 -496
377 -222
-81 286
-2 235
-115 399
266 -89
58 123
276 -316
-486 -23
67 383
320 -380
-70 293
113 -334
4 -349
-162 430
125 96
375 -458
18 1
426 484
383 -485
-384 -500
123 -162
22 174
-349 -101
472 -273
-463 -92
-300 -19
147 -33
-192 314
-67 342
-63 -163
-121 248
-251 -499
486 397
102 365
366 58
396 219
-418 -322
-233 -393
-476 424
-169 -262
219 -439
-281 -278
226 -444
398 -283
54 -342
407 -476
-474 433
19 346
210 202
-241 312
-280 -235
-366 345
452 -198
417 -99
-170 477
228 -253
-31 239
295 137
355 -306
-457 -118
-93 -92
-469 140
-15 -377
325 -260
-449 385
341 274
118 462
455 475
-125 -241
-265 371
-383 205
-56 154
481 -223
-339 429
-189 335
434 -296
344 -92
31 155
395 -482
94 -455
9 137
98 -66
-92 -374
-425 -258
-388 -27
369 -499
155 421
388 -498
431 135
-340 -452
444 432
-471 284
-62 -23
-4 -250
-205 -168
159 280
-287 -6
120 448
-311 -189
284 196
197 493
413 152
154 -459
-134 -10
-272 -225
-294 -284
500 362
-161 427
-324 -63
270 25
-196 -338
156 -382
-435 -293
18 467
-148 -245
-253 -199
144 239
280 350
-471 -203
-238 336
-448 -243
-381 -31
-415 -449
-11 -352
173 -239
-77 449
-434 167
374 270
236 323
-423 -109
-118 -413
326 -486
364 -475
-487 -205
321 83
340 -225
-66 373
115 149
297 19
-29 -397
242 -31
-365 394
163 -2
-180 -492
-411 -412
366 -413
-399 -28
-313 -119
176 155
-263 391
-334 -3
-441 -423
226 -210
0 174
-33 -287
182 471
364 -292
-103 8
-294 -283
496 -93
-5 -204
-42 362
-258 96
442 -165
-274 109
296 -322
446 -418
-128 355
29 -138
75 372
342 496
395 -244
-46 -104
-197 482
-112 161
147 489
350 383
-331 295
-371 283
-109 -390
-212 -455
-373 377
231 -266
-214 -310
252 450
136 361
307 -216
-130 -280
-299 -239
112 -137
-149 89
-338 -242
243 392
-136 -169
-59 62
108 -55
-179 -81
-157 -75
115 242
192 129
-11 -443
-159 -483
-263 487
-253 211
-427 -372
-93 49
307 -386
-495 69
90 -261
301 -131
314 221
-360 -92
24 325
67 -327
303 -362
-305 -242
466 482
158 -274
437 -298
-170 405
-47 200
5 -73
497 450
-312 -300
70 -224
498 180
-413 -427
89 328
191 -199
-60 -345
-397 -317
356 -175
-258 -432
-230 13
-82 369
69 -210
217 61
-299 264
464 -97
-130 -421
259 -277
-203 -443
75 37
338 386
231 -235
-51 -223
-207 334
402 -196
317 -275
-407 362
-349 425
-324 -148
-385 58
152 -123
-44 -421
-198 -479
269 -285
252 -211
365 -157
108 89
57 95
-72 -444
-450 40
265 -171
-310 368
-18 358
401 -469
-220 158
225 -485
-406 122
-167 -319
-414 -103
186 -399
-56 28
307 51
-355 -449
299 -447
-217 -236
93 349
-94 -453
96 -26
-305 79
-264 -4
-299 -335
287 462
333 -204
-117 -381
-280 419
-54 -432
-191 164
-94 443
497 -355
-91 -296
243 -221
-483 192
356 -351
-82 -197
299 242
407 154
-195 190
486 -116
3 -363
246 -132
-373 -86
268 382
325 -374
462 -327
-433 321
-401 -130
253 311
150 -384
-391 -202
230 -433
-89 408
98 137
211 217
44 -227
-168 404
-183 -210
-329 -41
-225 276
449 496
6 -263
-203 207
17 106
-88 240
-462 357
424 22
-381 268
-406 -166
241 -93
-129 -5
-101 -215
75 203
352 -94
-319 -64
-378 -374
-447 321
27 128
200 200 200
424 -149
-410 234
90 -474
48 319
-223 -297
37 -143
-45 -439
57 469
-247 326
-282 456
-139 18
144 -431
386 -267
-447 266
-106 440
481 80
-497 -183
-157 -430
390 93
296 81
129 357
418 -478
491 -417
99 -26
-381 434
-359 7
76 -19
-96 286
51 -349
281 -43
227 135
453 261
332 230
-488 486
-243 -89
-233 308
20 386
159 375
-151 11
-366 448
-46 -32
139 -224
-439 220
61 -458
-311 -198
438 -158
-398 416
145 80
65 124
225 -153
-346 12
-413 182
57 -135
66 246
-117 406
-437 200
476 27
-254 -107
-65 227
-471 308
340 -185
-270 157
-264 442
-244 66
413 -9
-497 481
163 258
-378 281
-283 -281
315 188
-113 100
-373 68
461 -447
-30 -437
61 -414
-99 -1
-345 -100
-468 -179
387 -419
73 -212
459 -10
-253 -234
-454 121
30 -441
247 -237
364 -466
-207 324
67 181
244 -247
-471 -463
-274 -195
205 -380
-58 -428
-347 -73
215 -482
8 -84
182 174
485 -55
4 229
182 -295
430 441
265 -265
416 -278
-24 -479
-442 -150
155 -305
-184 476
-453 -451
-23 258
276 -300
117 382
-255 475
-81 489
-93 -270
-375 424
54 -411
-176 -446
-223 -182
-470 -260
90 -57
138 -412
-437 435
174 144
-99 301
192 341
223 368
342 -192
487 468
388 451
374 -106
-17 -488
258 -72
-64 -3
-73 -466
-333 -34
-255 207
141 305
-51 499
300 -495
346 40
-403 -319
-11 68
-274 439
390 -335
59 -387
317 -47
71 232
-271 74
108 198
354 156
-137 -35
-231 289
288 194
199 -92
139 -223
-42 -265
303 236
-135 137
-8 219
333 445
-103 -449
-27 149
413 159
-144 -108
-452 -290
175 -291
499 -399
-15 134
233 -24
-57 -316
-391 -129
297 91
418 412
-179 -339
-395 -91
-350 -347
-8 -307
352 -186
206 -96
114 398
297 -56
45 479
112 295
461 -470
405 -156
215 -407
-126 -487
115 12
-137 -209
-109 436
279 -341
-458 -269
45 461
-446 394
-19 -249
195 -142
-164 -223
263 431
461 449
-208 223
7 55
-242 198
400 381
-328 63
-1 453
-389 -247
-16 468
429 -347
237 -471
471 173
-469 -283
-5 165
95 -133
-495 -243
170 -255
-10 -202
186 -324
-443 248
-499 85
37 420
363 0
-343 -161
-8 -154
-435 276
-51 420
-364 -465
-109 -330
37 -179
78 486
422 43
31 439
-386 -399
40 -284
-9 362
-29 41
231 218
247 -167
180 388
-146 430
349 245
-29 303
473 175
497 362
37 -301
-68 -236
-298 -352
-250 153
59 -493
369 290
-480 -451
-42 -160
-137 251
-172 -296
-367 -458
-22 182
-326 172
-153 449
0 337
-464 -157
107 -464
-315 -342
312 0
7 -65
415 -130
-390 -125
-95 435
185 -242
-38 269
1 -488
-115 -214
148 169
117 59
-104 495
-473 -384
344 -378
471 -175
325 -472
-347 282
343 -169
-104 -433
-499 453
-290 302
-240 -124
-422 -138
-162 261
-70 -37
213 487
481 237
44 -392
421 199
-477 -113
-395 391
173 348
-322 -242
-175 -295
-343 -236
-435 -484
-418 -443
-81 -485
277 351
-186 -52
-66 397
133 -474
325 -396
303 367
444 -65
-175 326
-137 -452
-194 188
393 -269
-4 -179
-473 240
297 61
-233 -391
151 407
-146 -457
130 465
181 -22
82 453
320 -305
130 -425
91 263
312 145
-167 455
-315 308
-371 416
156 181
433 347
147 -358
-452 -301
433 -203
452 -408
70 62
-296 132
17 -348
418 -477
-23 -354
-19 8
-38 479
286 314
-80 -162
209 105
-48 266
408 -169
-280 -402
-105 457
-452 -348
-96 -464
-142 -191
-349 109
-178 375
211 -432
76 299
277 -309
196 229
-434 63
358 -385
381 275
-394 -191
-403 -22
-66 -174
-331 -318
-282 -327
-328 73
372 76
-50 -177
-109 -306
493 -340
-458 467
195 -40
213 238
43 -49
-274 70
380 -387
91 -478
-462 477
350 216
79 -293
-29 -433
144 251
-427 -468
-274 284
135 -36
-380 410
-131 177
-396 316
457 -419
-159 147
260 -318
395 -280
388 -150
-435 434
331 237
304 144
-106 -199
-166 -363
112 -343
121 -250
350 -254
113 -68
438 409
490 217
-137 394
267 -169
-259 313
-338 161
-216 319
55 419
-248 -385
-394 -451
377 -163
-6 -370
-429 -12
-76 306
-263 421
330 -464
-57 -326
-433 9
30 -4
-192 24
-315 272
90 -29
-421 -341
-226 336
75 -169
168 -429
-299 -49
130 353
158 -228
384 -447
281 85
259 213
-279 -277
220 16
231 252
-287 -473
-312 416
265 -7
-482 458
-211 -461
301 93
-456 147
-311 192
155 174
-83 347
-379 38
-250 -303
-389 70
277 -339
103 21
48 7
-388 6
500 -73
-116 377
106 -483
111 -137
201 -94
-402 -155
209 390
-73 -57
481 316
204 48
-382 421
272 315
-165 395
-99 -125
381 73
190 13
-111 70
88 -426
-373 496
-409 389
424 18
-92 380
-178 132
-53 335
-428 493
413 -350
155 -310
275 -125
250 490
63 -325
-122 -180
391 -248
-484 -42
-47 -332
247 335
-148 -266
-386 170
-199 260
-216 -374
-381 -62
-221 -143
-263 222
-404 434
424 -488
-313 36
47 -324
-382 -244
214 -373
486 326
-150 357
-410 232
-99 202
-348 395
-479 -108
330 -374
-17 331
52 299
233 -89
-77 -161
65 -154
-288 -200
56 302
429 -480
36 -231
-375 414
145 386
-222 407
301 236
-373 -70
-254 12
-158 148
-54 -80
331 85
114 -322
-286 -247
53 -322
481 -74
-363 -391
-432 99
13 173
59 385
291 348
84 337
457 91
294 -99
-452 -298
122 -365
220 -315
-447 -48
-105 -167
-298 -232
-116 139
248 373
-29 21
-306 6
-110 174
22 -57
-221 -320
-38 296
-304 426
-373 -245
-110 436
-380 -60
82 301
324 364
-369 478
116 -475
88 -294
-83 -447
59 -441
-77 111
244 140
320 445
-70 -478
138 472
-274 -183
-248 266
396 -193
298 -438
116 -23
-356 121
-163 248
144 260
3 115
174 -440
-138 253
-108 -403
232 -395
319 402
374 353
-331 -44
-279 290
287 -389
364 307
-216 84
396 -21
417 -382
69 423
37 60
121 -429
14 402
189 173
278 406
-2 -390
463 96
-448 -439
351 322
433 464
0 0 0
