100
1000 982
621 2 7 997
899 1 1 900
964 841
169 1 1 915
869 1 1 870
1000 999
1 1 1 1000
999 1 1 1000
196 339
297 178 127116389 531
60 192 632666941 86
694 994
47 897 427844426 160
183 868 400924690 478
905 19
231 1 623328509 554
140 1 2 142
870 3
279 995 710683146 497
431 1 1 432
601 614
339 11 941073347 591
268 687 931573343 703
196 50
257 1 712833955 568
674 415 719403459 854
1 969
241 420 287271600 419
106 361 572646591 553
731 539
62 838 245962042 127
124 973 224378270 138
296 244
336 646 588522364 489
159 232 779497150 463
896 481
814 704 620881652 974
605 489 99655938 798
912 669
256 1 26386807 511
109 1 1 110
877 562
121 507 82953723 228
308 55 821544100 917
885 766
157 1 1 850
809 1 1 810
894 461
765 1 1 849
810 1 1 811
939 38
267 1 298345391 548
843 1 1 844
822 647
305 286 686753620 513
196 1 2 198
336 842
153 43 710491736 929
252 790 539724001 746
854 378
388 1 1 740
414 1 1 415
917 137
146 1 1 846
308 145 172366626 346
940 482
787 1 1 873
453 1 1 454
979 667
489 1 1 975
883 1 1 884
965 686
264 531 734121969 530
83 1 1 84
882 704
134 1 1 811
802 1 1 803
854 454
761 1 1 844
804 1 1 805
991 961
205 985 945111259 492
884 1 1 885
10 13
28 931 601463 36
231 539 556432 258
898 674
244 613 572079365 486
833 1 1 834
226 823
10 952 963510393 32
4 623 576648417 17
944 792
167 1 1 914
860 1 1 861
836 64
270 557 649227749 556
816 1 1 817
841 188
211 596 8616592 755
205 423 611194266 325
153 316
246 793 665342333 558
110 937 683957056 168
52 523
307 599 888997007 598
101 569 901517181 723
982 664
240 931 513415579 558
887 1 1 888
986 517
239 556 251690086 555
844 1 1 845
848 489
408 1 1 814
812 1 1 813
769 871
386 253 545373568 720
135 810 330934013 881
958 828
159 1 1 922
852 1 1 853
871 57
249 504 200846814 503
442 1 1 443
872 419
429 1 1 852
861 1 1 862
889 103
208 915 424957921 457
808 1 1 809
834 657
161 1 1 821
817 1 1 818
890 379
405 1 1 744
423 1 1 424
807 438
384 1 1 760
952 1 1 953
171 531
194 789 512372964 948
67 159 582566553 592
907 51
210 506 682858184 505
461 1 1 462
880 96
285 532 20539897 531
807 1 1 808
150 662
113 931 620207517 327
227 779 156196860 234
104 259
291 151 539061578 441
536 368 900879381 648
913 711
273 535 497864683 534
828 1 1 829
841 5
246 1 310418902 571
51 1 1 52
952 741
286 1 986034087 574
869 1 1 870
887 777
155 1 1 881
914 1 1 915
1000 718
345 594 185842871 593
659 195 81498837 731
1 395
18 246 615815 60
73 228 14618 195
704 381
610 173 693509044 967
639 130 371505459 953
969 444
872 1 1 967
559 802 395852950 680
804 684
167 1 110435645 419
185 1 2 187
1000 700
1 1 1 1000
999 1 1 1000
1000 27
290 1 184786005 574
711 944 151513796 967
987 542
248 504 427858443 503
881 1 1 882
900 696
163 1 1 842
804 1 1 805
6 5
10 1 3 17
5 2 7 19
813 2
264 1 558105476 571
74 1 1 75
882 246
33 710 532557922 451
431 551 410581827 668
882 660
145 1 1 833
800 1 1 801
905 779
158 1 1 879
962 1 1 963
996 480
475 1 1 842
494 1 1 495
1 494
243 522 245997243 521
118 210 947934489 153
894 436
449 1 1 812
433 1 1 434
827 367
127 1 1 688
228 487 351165788 653
1 148
288 544 94337815 543
223 817 948397791 225
845 467
291 1 83898928 581
416 1 1 417
96 105
256 569 252757521 568
334 692 700399379 380
818 353
610 1 1 666
64 568 412111524 73
935 727
150 1 1 798
829 1 1 830
860 547
286 169 688942039 504
802 1 1 803
967 626
508 1 1 960
873 1 1 874
1000 999
999 1 999 1000
999 1 1 1000
977 858
156 1 1 968
833 1 1 834
766 101
0 282 217133399 2
372 304 605941096 833
839 696
158 1 1 838
817 1 1 818
163 842
150 918 126016182 254
127 599 831471565 690
521 393
474 933 652442432 653
110 317 412567474 146
936 865
202 458 401825948 457
449 1 1 450
864 755
140 1 1 861
835 1 1 836
1000 416
278 541 676167457 500
88 574 478719851 710
906 609
169 805 126088967 402
78 1 1 79
951 788
169 1 1 913
839 1 1 840
984 803
243 545 768601911 544
876 1 1 877
946 463
763 1 1 846
462 1 1 463
969 462
866 1 1 960
848 1 1 849
945 693
179 781 770065034 405
430 1 1 431
842 403
755 1 1 835
884 1 1 885
824 448
408 1 1 797
803 1 1 804
838 766
297 554 467803001 553
331 151 625526580 501
865 251
242 873 274093333 436
175 1 2 177
