77 93
64 72
9 73
18 92
47 68
15 66
58 19
13 35
68 14
46 97
85 60
4 30
98 77
84 90
94 31
23 84
56 71
95 38
82 16
35 64
29 28
46 49
83 39
4 10
6 3
62 50
31 91
19 17
58 81
63 2
38 52
74 38
75 93
60 20
84 56
84 94
42 64
2 81
91 76
78 58
59 96
38 91
7 41
21 57
10 65
68 36
73 47
91 93
12 47
55 50
95 47
11 38
18 88
16 64
21 60
56 93
36 31
72 93
1 42
58 92
27 11
57 77
69 51
50 48
49 33
79 4
93 96
35 41
5 62
22 50
43 77
8 77
21 30
71 79
22 22
84 81
57 1
3 40
39 78
10 52
55 40
87 40
81 47
9 21
71 37
13 82
58 65
94 72
2 30
3 16
96 76
28 86
78 5
82 30
82 68
7 43
82 88
87 45
66 14
50 95
0 0