100
804 417
703 1 1 780
469 1 1 470
800 646
125 1 1 763
896 1 1 897
786 609
237 341 703906718 371
165 166 504435767 471
915 427
720 1 1 800
452 1 1 453
985 949
263 1 809723691 524
498 1 1 499
1 362
264 486 230190226 485
213 344 521397463 388
958 11
311 587 537614105 586
342 339 27395186 420
2 520
231 413 893077167 412
207 364 710359663 410
825 710
314 572 771175708 571
407 1 1 408
862 963
234 1 599149378 511
845 1 1 846
825 597
425 1 1 815
802 1 1 803
883 442
790 1 1 877
811 1 1 812
183 913
90 27 360288094 472
43 337 98569021 344
999 548
566 1 1 988
509 1 1 510
48 752
2 412 637272936 13
30 232 102238631 55
878 926
266 555 227142379 554
802 1 1 803
825 847
184 412 993345397 411
825 1 1 826
111 787
542 785 705980036 769
11 333 684339356 160
131 180
808 118 709902235 917
303 687 331499937 368
969 776
264 1 860318149 582
492 1 1 493
1 395
18 246 615815 60
73 228 14618 195
933 428
436 1 1 833
475 1 1 476
197 313
222 422 514818879 421
33 386 46827640 310
841 780
286 544 448789006 543
175 783 9482766 625
816 853
202 507 326357893 506
81 1 1 82
68 206
199 910 734807625 517
273 701 732687022 769
38 784
1 772 664628635 9
384 149 814794823 572
989 720
156 1 1 847
885 1 1 886
771 187
416 358 869983782 733
83 48 237968960 140
334 83
78 179 121276600 599
333 49 186740062 458
660 365
23 972 105525380 95
308 977 500932035 350
960 4
260 965 203632463 482
520 1 1 521
759 367
451 481 880477302 500
772 219 622165119 857
838 13
220 909 844442783 454
59 1 1 60
10 13
28 931 601463 36
231 539 556432 258
927 481
794 1 1 876
441 1 1 442
829 667
153 1 1 818
825 1 1 826
973 13
220 413 534901297 412
871 1 1 872
994 518
895 1 1 992
924 1 1 925
987 877
795 931 760660782 873
238 11 339994886 687
884 703
230 963 240503794 481
436 1 1 437
991 863
182 1 1 971
896 1 1 897
1000 982
621 2 7 997
899 1 1 900
925 908
286 1 887229718 557
840 1 1 841
1 165
218 1 601180635 524
16 895 419458314 30
849 697
145 1 1 824
804 1 1 805
933 384
736 1 1 810
207 797 32104136 211
1000 999
999 1 999 1000
999 1 1 1000
878 1
201 441 251573183 440
48 1 1 49
844 685
123 1 1 755
803 1 1 804
486 297
27 79 346716597 98
633 706 631799812 688
919 739
172 1 1 871
839 1 1 840
1000 852
333 571 313263539 570
39 384 103397128 289
986 666
223 957 581088879 478
886 1 1 887
704 381
610 173 693509044 967
639 130 371505459 953
153 316
246 793 665342333 558
110 937 683957056 168
958 315
165 1 1 930
216 262 379748216 857
290 580
136 960 393626363 140
686 477 594273839 982
915 421
812 1 1 901
819 1 1 820
840 904
250 1 823315745 544
198 1 2 200
973 43
187 857 612290429 428
893 1 1 894
815 85
320 36 382834762 591
116 978 182982701 236
6 5
10 1 3 17
5 2 7 19
949 452
457 1 1 841
470 1 1 471
123 242
365 255 245688149 552
279 466 98010794 805
810 738
200 1 921859168 479
954 1 1 955
846 457
3 426 507083593 130
230 608 749946155 581
908 787
165 1 1 866
813 1 1 814
702 506
19 975 620020911 921
965 796 449621936 986
925 21
243 433 406141289 432
834 1 1 835
1000 999
1 1 1 1000
999 1 1 1000
1 965
257 187 991723237 558
96 398 267938442 126
836 1
223 430 159791774 429
445 1 1 446
978 706
490 1 1 951
861 1 1 862
1000 537
258 709 961570679 531
101 876 748489465 188
818 687
154 1 1 797
802 1 1 803
886 734
145 1 1 822
838 1 1 839
753 869
244 506 122416303 394
44 842 222554240 255
907 25
238 959 853081698 479
96 1 1 97
856 380
627 1 1 690
67 543 897085423 98
956 394
764 1 1 835
644 359 770742829 870
876 743
168 1 1 855
812 1 1 813
981 833
152 1 1 908
856 1 1 857
1000 21
179 825 668182663 412
4 503 632626355 8
234 917
360 431 19243328 766
780 816 140503539 920
988 492
812 1 1 900
501 1 1 502
1000 700
1 1 1 1000
999 1 1 1000
929 810
162 1 1 902
814 1 1 815
941 5
223 863 745096953 431
187 1 2 189
875 563
452 1 1 845
832 1 1 833
963 744
156 1 1 935
854 1 1 855
954 423
700 1 1 776
436 297 426224712 620
935 697
242 1 473570105 514
116 1 1 117
970 848
160 1 1 933
861 1 1 862
906 776
154 1 1 882
832 1 1 833
829 225
301 936 817753272 322
417 438 426199117 955
873 245
233 463 543661705 539
235 657 340752639 539
808 652
195 1 961661899 441
819 1 1 820
880 761
164 1 1 880
924 1 1 925
894 864
183 449 178948855 448
810 1 1 811
