3 1
2 2 9
2 3 5
3 5 8

3 2
2 0 3
2 0 3
2 0 3

2 1
4 5 9
4 8 12

5 2
2 1 3
2 3 5
2 5 7
2 1 7
4 2 6

5 1
10000 0 50000
10000 0 50000
10000 0 50000
10000 0 50000
10000 0 50000

5 5
10000 0 50000
10000 0 50000
10000 0 50000
10000 0 50000
10000 0 50000

100 5
2500 0 50000
2500 0 50000
2500 0 50000
2500 0 50000
2500 0 50000
2500 0 50000
2500 0 50000
2500 0 50000
2500 0 50000
2500 0 50000
2500 0 50000
2500 0 50000
2500 0 50000
2500 0 50000
2500 0 50000
2500 0 50000
2500 0 50000
2500 0 50000
2500 0 50000
2500 0 50000
2500 0 50000
2500 0 50000
2500 0 50000
2500 0 50000
2500 0 50000
2500 0 50000
2500 0 50000
2500 0 50000
2500 0 50000
2500 0 50000
2500 0 50000
2500 0 50000
2500 0 50000
2500 0 50000
2500 0 50000
2500 0 50000
2500 0 50000
2500 0 50000
2500 0 50000
2500 0 50000
2500 0 50000
2500 0 50000
2500 0 50000
2500 0 50000
2500 0 50000
2500 0 50000
2500 0 50000
2500 0 50000
2500 0 50000
2500 0 50000
2500 0 50000
2500 0 50000
2500 0 50000
2500 0 50000
2500 0 50000
2500 0 50000
2500 0 50000
2500 0 50000
2500 0 50000
2500 0 50000
2500 0 50000
2500 0 50000
2500 0 50000
2500 0 50000
2500 0 50000
2500 0 50000
2500 0 50000
2500 0 50000
2500 0 50000
2500 0 50000
2500 0 50000
2500 0 50000
2500 0 50000
2500 0 50000
2500 0 50000
2500 0 50000
2500 0 50000
2500 0 50000
2500 0 50000
2500 0 50000
2500 0 50000
2500 0 50000
2500 0 50000
2500 0 50000
2500 0 50000
2500 0 50000
2500 0 50000
2500 0 50000
2500 0 50000
2500 0 50000
2500 0 50000
2500 0 50000
2500 0 50000
2500 0 50000
2500 0 50000
2500 0 50000
2500 0 50000
2500 0 50000
2500 0 50000
2500 0 50000
0
