37 16 2
2 15 14 15
6 16 11 16
85 86 30
13 0 60 0
40 1 80 1
27 2 40 2
56 2 81 2
0 3 63 3
54 4 66 4
23 6 34 6
19 11 47 11
27 12 53 12
13 14 16 14
2 22 9 22
14 26 14 26
24 31 30 31
23 32 79 32
29 33 30 33
34 34 78 34
60 36 79 36
17 39 63 39
14 40 76 40
26 44 48 44
51 50 53 50
4 60 35 60
47 64 75 64
25 66 64 66
23 69 80 69
3 73 39 73
45 74 79 74
20 76 52 76
17 83 44 83
15 84 34 84
31 30 11
0 1 17 1
15 8 17 8
4 9 20 9
8 10 15 10
14 15 23 15
0 16 21 16
12 18 20 18
11 19 23 19
9 21 26 21
1 25 21 25
4 28 15 28
69 16 43
9 0 10 0
1 1 12 1
8 2 9 2
9 3 15 3
1 4 12 4
5 10 10 10
0 12 1 12
3 12 15 12
1 13 4 13
5 15 7 15
3 16 15 16
5 19 5 19
9 19 15 19
5 20 14 20
7 21 10 21
1 23 2 23
9 23 13 23
9 25 10 25
0 26 15 26
1 27 5 27
2 31 15 31
1 33 11 33
0 34 15 34
0 35 13 35
2 37 7 37
3 38 4 38
12 39 15 39
0 40 14 40
13 42 15 42
1 45 5 45
1 46 7 46
2 49 15 49
1 50 15 50
4 52 14 52
3 53 8 53
2 56 9 56
6 57 6 57
2 59 15 59
2 63 10 63
9 65 14 65
4 66 12 66
0 67 0 67
10 68 10 68
5 41 6
0 0 39 0
0 1 0 1
2 1 39 1
1 2 40 2
0 3 39 3
0 4 40 4
27 85 35
47 0 66 0
68 0 80 0
14 1 77 1
2 2 41 2
10 3 82 3
26 4 47 4
7 6 81 6
66 7 67 7
42 8 48 8
57 8 65 8
73 8 83 8
24 9 47 9
58 9 64 9
66 9 69 9
4 10 81 10
1 11 84 11
13 12 81 12
0 13 70 13
14 15 22 15
28 15 64 15
11 16 71 16
30 17 58 17
70 17 77 17
1 18 59 18
3 19 82 19
11 20 40 20
60 20 81 20
11 21 84 21
22 22 78 22
9 23 16 23
66 23 67 23
76 23 83 23
7 24 62 24
6 25 82 25
8 26 73 26
33 11 30
1 0 10 0
0 1 8 1
1 2 8 2
2 3 3 3
7 3 9 3
2 5 9 5
2 7 4 7
1 8 7 8
4 9 7 9
2 10 10 10
6 11 8 11
1 12 10 12
2 13 9 13
7 14 9 14
5 15 9 15
3 16 7 16
0 17 8 17
1 18 6 18
0 19 10 19
0 20 9 20
2 21 9 21
0 22 9 22
0 23 9 23
0 24 10 24
1 26 8 26
0 27 7 27
0 28 10 28
5 30 9 30
2 31 10 31
5 32 6 32
14 100 3
28 2 86 2
1 4 54 4
75 10 96 10
23 6 21
0 1 5 1
2 2 4 2
0 3 4 3
0 4 5 4
0 5 5 5
0 6 4 6
1 7 5 7
0 9 2 9
0 10 5 10
1 11 5 11
2 12 3 12
0 13 5 13
3 14 5 14
0 15 5 15
1 16 5 16
1 17 3 17
0 18 5 18
0 19 5 19
1 20 5 20
0 21 5 21
0 22 5 22
18 46 16
5 0 26 0
3 1 22 1
1 2 38 2
29 3 33 3
6 4 35 4
40 4 44 4
6 5 38 5
10 8 36 8
6 9 17 9
31 10 37 10
1 11 45 11
1 12 19 12
4 14 13 14
0 15 9 15
21 16 31 16
2 17 38 17
0 0 0 0
