40
8 2 7 3 4 6 11 5 9 14 10 12 13 15 16 20 18 22 19 17 21 26 23 24 25 30 27 28 29 31 1 32 37 34 35 39 40 38 33 36
40
4 3 7 8 5 11 12 2 10 9 16 6 20 13 15 24 1 14 18 17 23 21 19 25 26 22 30 28 29 31 27 32 33 34 35 36 37 38 39 40
40
1 2 3 8 4 6 7 5 9 10 11 12 13 14 15 16 17 18 19 20 21 22 23 24 25 26 27 28 29 30 31 32 33 34 35 36 37 38 39 40
4
1 2 3 4
36
4 2 7 3 5 1 6 8 9 10 11 12 13 14 15 16 17 18 19 20 21 22 23 24 25 26 27 28 29 30 31 32 33 34 35 36
32
2 6 3 4 5 10 1 7 9 14 11 8 16 13 15 12 17 18 19 20 21 22 23 24 25 26 27 28 29 30 31 32
24
5 2 3 8 4 11 12 6 1 9 7 13 14 15 10 16 17 18 19 20 21 22 23 24
40
4 5 3 7 9 2 6 8 10 11 15 12 13 18 16 20 17 19 14 24 21 22 23 1 25 26 27 28 29 30 31 32 33 34 35 36 37 38 39 40
36
4 2 3 8 5 10 7 12 1 9 11 6 13 14 15 20 17 18 16 19 21 22 23 24 25 26 27 28 29 30 31 32 33 34 35 36
20
5 6 4 2 12 8 7 3 1 10 9 16 13 14 11 15 17 18 19 20
28
3 6 12 10 5 7 2 8 16 9 11 4 13 1 17 14 21 18 15 19 25 22 23 20 28 26 27 24
20
5 1 2 4 9 10 3 7 16 13 6 12 11 8 15 14 17 18 19 20
20
4 8 2 1 5 6 7 3 9 10 11 12 13 14 15 16 17 18 19 20
16
2 3 1 4 9 5 7 6 16 12 11 8 14 10 15 13
8
7 6 5 4 8 3 1 2
40
5 6 2 3 8 12 7 4 17 10 11 9 14 16 18 1 20 13 15 19 21 22 23 24 25 26 27 28 29 30 31 32 33 34 35 36 37 38 39 40
28
1 2 3 4 5 6 7 8 9 10 11 12 13 14 15 16 17 18 19 20 21 22 23 24 25 26 27 28
4
4 2 1 3
32
4 2 3 8 5 11 10 7 9 6 15 12 16 13 14 20 1 18 19 24 17 22 23 28 21 25 26 27 29 30 31 32
40
5 2 3 4 9 6 7 8 10 14 12 15 24 18 11 13 19 20 23 16 17 22 27 21 25 30 26 28 29 31 32 36 33 34 35 1 37 38 39 40
16
2 3 7 4 5 6 8 1 9 10 11 12 13 14 15 16
8
3 4 7 2 1 6 8 5
20
5 2 3 4 10 13 7 8 12 9 11 16 6 18 1 15 17 19 14 20
32
5 2 3 4 9 6 11 8 7 10 12 16 1 14 15 20 13 18 24 23 17 22 19 21 25 26 27 28 29 30 31 32
32
3 6 1 2 7 8 4 11 9 10 12 5 13 14 15 16 17 18 19 20 21 22 23 24 25 26 27 28 29 30 31 32
40
5 2 3 4 9 6 7 8 14 13 11 12 17 10 15 16 1 18 19 20 21 22 23 24 25 26 27 28 29 30 31 32 33 34 35 36 37 38 39 40
8
4 2 3 7 5 8 1 6
16
5 2 3 4 8 6 7 12 9 10 11 1 13 14 15 16
8
8 5 1 2 6 3 7 4
36
3 5 8 4 9 2 7 6 10 14 11 12 13 15 19 16 1 21 20 22 28 24 23 17 33 18 26 32 30 25 27 31 36 34 35 29
8
5 1 2 3 8 7 4 6
8
6 2 3 8 5 7 1 4
16
16 5 3 12 6 2 7 15 4 10 13 8 9 11 1 14
40
4 2 3 8 5 6 7 12 9 1 11 16 13 10 14 15 17 18 19 20 21 22 23 24 25 26 27 28 29 30 31 32 33 34 35 36 37 38 39 40
4
4 2 3 1
16
6 3 2 4 5 7 11 8 10 14 12 9 13 1 15 16
24
11 5 2 4 8 9 3 6 12 1 10 16 18 14 15 13 7 17 19 20 24 21 23 22
40
5 2 3 4 8 6 7 12 21 10 9 13 1 18 11 14 22 19 15 16 27 26 17 28 24 25 23 30 29 31 35 20 33 34 36 32 37 38 39 40
28
8 5 2 4 7 6 11 3 1 9 10 12 13 14 15 16 17 18 19 20 21 22 23 24 25 26 27 28
40
2 8 14 7 5 10 6 4 9 11 15 3 13 19 16 12 18 1 17 20 21 22 23 24 25 26 27 28 29 30 31 32 33 34 35 36 37 38 39 40
8
5 2 3 4 6 7 8 1
40
2 5 6 3 9 8 7 4 10 11 16 13 1 18 14 24 15 20 22 12 17 21 19 23 25 26 27 28 29 30 31 32 33 34 35 36 37 38 39 40
24
5 6 2 4 9 1 3 7 18 12 15 8 13 16 10 11 20 17 19 14 21 22 23 24
36
3 1 4 5 10 2 7 8 6 9 11 12 13 14 15 16 17 18 19 20 21 22 23 24 25 26 27 28 29 30 31 32 33 34 35 36
8
8 5 6 3 2 1 4 7
28
2 7 3 5 9 6 11 8 16 14 4 10 1 13 19 15 12 17 18 21 28 25 23 20 24 22 27 26
24
4 2 3 8 6 10 5 11 9 14 7 12 13 18 15 16 1 17 19 24 21 22 20 23
24
2 3 1 4 5 6 7 8 9 10 11 12 13 14 15 16 17 18 19 20 21 22 23 24
20
5 2 3 4 9 6 7 8 10 11 15 12 17 14 19 13 16 18 20 1
0
