99
2525 1
2400 5
300 2
120 60
60 90
313575682 1
115199741 9024
161858729 1
14351334 6302
30512193 1
24947197 2576
277753613 1
2406093 8112
874138702 1
49869078 521
733945366 1
323365825 6707
2 1
1 1
993805292 1
65657746 9086
625663315 1
598525178 8620
449322397 1
189274786 2047
633314236 1
42039749 3178
683219299 1
17943034 5441
16679942 1
10555209 1350
263460381 1
78324892 5126
1000000000 2
998000000 1
999000000 1
580334608 1
278577973 6896
267448571 1
133358037 3754
885681991 1
406588993 565
1000000000 1
1 10000
948626742 1
849819614 1033
398381729 1
219885970 7880
886786172 1
742248183 8256
544379537 1
350136252 4645
159389399 1
27463741 7829
128547342 1
26918637 3966
118560660 1
85452413 6884
831355981 1
232111484 1750
190675964 1
118373173 87
1000000000 2
999999999 2
999999998 3
609806493 1
596847239 7930
649613418 1
531293702 9075
853946961 1
647820039 9816
410967588 1
6359385 5410
795737008 1
539332829 7809
284616427 1
272178100 3428
1000000000 1
1 1
739464141 1
273038349 5524
592232746 1
353312752 5413
424940251 1
337574325 5884
910097559 1
387108054 1740
631997093 1
350947629 2794
715774919 1
506880637 3966
1000000000 2
998000000 10000
999000000 10000
203469951 2
140220736 5577
99042567 8397
552369590 1
350919054 5599
869884411 1
701563212 2778
440675161 1
396013409 5596
913524972 2
833002139 3408
419393707 6758
1000000000 2
999999997 3
999999998 2
200000 2
5000 3
5001 1
494886783 1
477899963 5898
388203481 1
263225850 3989
1000000000 2
1 3
2 2
753530203 1
728586377 5025
15857328 1
13506719 372
153684078 1
136988790 8529
929585306 1
561760401 678
865894830 1
808699443 5463
1000000000 2
999999997 2
999999996 3
1000000000 2
12345675 3
12345676 2
160222753 1
129064845 9692
394485275 1
129007358 436
421301729 1
382826351 3000
911797518 1
582990691 8523
533031857 1
288823428 9101
279160844 1
232741391 1084
192284458 1
108922818 507
207038621 1
174611175 167
122891436 1
113325565 1425
909149430 1
538308401 7442
820579236 1
186465014 9717
968153280 1
801434969 1639
888674773 1
402068874 7184
233234466 1
73992361 3504
684386728 1
432523505 805
995706348 1
605623185 6649
520132501 1
166347058 8001
1000000000 1
999999999 1
401193044 1
68155077 5016
994474745 1
372810643 9088
642837671 1
538990707 7233
994632375 1
70561037 6286
2 1
1 10000
504085486 1
218456721 5895
1000000000 1
999999999 10000
961438240 1
547547734 4614
111343807 1
36082785 5585
621864927 1
279062085 2197
971377412 1
454871078 2030
849605244 1
732987824 6824
798880205 1
494011962 4448
793855764 1
34090133 3701
318816372 1
35550026 4167
600138222 1
62828098 2263
443843583 1
98883569 4658
1000000000 2
200 10000
100 10000
239141802 1
12103171 5933
