100
5 4
2 1
4 20
30 221495162
14 1761
38 1440354218
25 400819
11 424
7 17
50 281474976710656
7 4
39 39334124805
50 140737488355328
7 23
33 5335903
50 232801779529181
7 7
23 566689
33 1812865658
9 43
2 2
44 1246811017702
47 7556045776700
7 10
7 32
50 281474976710655
7 11
49 75884886369610
4 2
50 1000000000000000000
7 1
7 13
22 876321
7 22
3 3
50 69312288232665
2 1000000000000000000
50 1
7 29
4 1
7 26
49 140737488355329
16 3628
7 21
49 281474976710656
7 14
25 252525
50 232514730770984
4 4
33 663212279
20 3450
27 18382003
37 25923413616
19 126250
7 18
7 5
7 25
7 31
49 140737488355328
19 69980
38 52437332170
7 16
7 3
12 138
3 1
4 3
3 2
7 24
7 15
42 932042600642
45 1410488156457
39 19445511221
50 999999999999999999
8 20
50 281474976710657
23 189228
25 1000000000000000000
34 2355355570
7 20
50 105553116266496
7 28
16 2704
38 49650167581
7 9
25 8388609
7 30
7 12
9 5
35 4984479817
7 8
28 31860808
7 27
8 7
7 19
7 2
39 58327127631
7 6
30 138205513
7 33
4 5
