94764610 284293833
94764612 284293833
11 479001600
21471 2147483647
7 32
8 128
8 256
0 0
1 0
2 0
10 0
2147483647 0
0 1
1 1
2 1
10 1
2147483647 1
10 2
2147483647 2
10 3
5 5
6 9
0 10
6 18
6 27
1009 1000
1000 1009
20 10000
20 100000
1073741824 1000000
43213 93390991
123456789 123456871
123456789 123456873
123456789 123456790
123456789 124880621
123456789 124925329
43213 906190609
1073741824 1073741824
2147483647 1073741824
0 2147483647
1 2147483647
2 2147483647
1073741824 2147483647
2147483647 2147483647
0 1
1 0
2 0
0 2
6 9
5 5
6 27
19 10000
20 10000
20 100000
1000 1009
47483648 2147483647
47483648 2147483646
6664 429470327
