10 1
10 2
10 3
10 4
10 5
10 6
10 7
10 8
10 9
10 10
2727310 169580
8410985 7364225
8717510 8305150
8945955 462075
3639260 575840
7979410 7261440
8712325 2794105
1290455 520940
7459080 2953620
9049655 6955220
7083015 6821020
775920 732000
9607805 6956135
2586400 2221620
8548540 6113725
9082290 1976705
7639335 5434795
7301395 4031185
8308200 7609140
8703480 4603060
6961930 817400
9046300 8192605
9256140 3110085
6224440 2864255
3983910 1580510
8750755 3867400
5557100 4057720
8632415 3843000
9162200 6306790
8079755 1887950
6703900 3342495
8501570 5023045
2784955 2540345
4175145 1521950
3323585 2860290
9673685 8819075
7444745 6355285
7715280 1382870
9452255 2078880
5481155 2113955
5374710 4711030
5205130 3641395
9584320 9373565
7 3
15 1
15 2
15 3
15 4
4500000 4500000 
10 10
10 5
25 6
20000000 0
20000000 1
20000000 20000000
20000000 10000000
10 10
100 100
1000 1000
10000 10000
100000 100000
1000000 1000000
2000000 2000000
3000000 3000000
4000000 4000000
5000000 5000000
10000000 10000000