 1 15 28 6 56 60000 22 496
 60000
 60000
 60000
 60000
 60000
 60000
 60000
 60000
 60000
 60000
 60000
 60000
 60000
 60000
 60000
 60000
 60000
 60000
 60000
 60000
 60000
 60000
 60000
 60000
 60000
 60000
 60000
 60000
 60000
 60000
 60000
 60000
 60000
 60000
 60000
 60000
 60000
 60000
 60000
 60000
 60000
 60000
 60000
 60000
 60000
 60000
 60000
 60000
 60000
 60000
 60000
 60000
 60000
 60000
 60000
 60000
 60000
 60000
 60000
 60000
 60000
 60000
 60000
 60000
 60000
 60000
 60000
 60000
 60000
 60000
 60000
 60000
 60000
 60000
 60000
 60000
 60000
 60000
 60000
 60000
 60000
 60000
 60000
 60000
 60000
 60000
 60000
 60000
 60000
 60000
 60000
 60000
 60000
 60000
 60000
 60000
 60000
 60000
 0
