100
4 2
5 2
6 2
1000 1000
1000 1
729 604
1000 395
500 245
999 497
832 714
653 494
1000 999
784 773
1000 499
500 1
746 653
500 117
740 705
977 883
999 1
484 368
385 295
862 842
1000 498
752 706
999 488
500 255
1000 2
884 854
999 998
999 499
986 848
584 469
640 530
500 249
500 202
438 387
394 378
3 1
500 2
999 999
999 256
500 127
755 734
999 2
1000 512
792 615
1000 255
500 116
783 592
808 715
3 2
1000 489
554 453
999 496
999 394
5 1
999 498
999 512
895 696
399 352
4 1
500 128
995 791
500 250
1 1
500 500
471 452
339 257
638 488
251 219
1000 488
500 248
999 127
589 551
749 562
843 643
2 2
500 499
1000 256
500 68
869 705
1000 500
815 772
938 754
1000 128
999 255
897 799
1000 511
500 256
999 487
999 128
1000 127
566 475
608 458
663 662
500 244
2 1
999 511
745 637
