100
4 2
5 2
6 2
1000 1000
1000 1
1000000 262143
1000000 389371
575484 474208
655244 642417
999999 262144
1000000 1000000
336860 308452
500000 250000
1000000 494861
255416 234798
920363 810072
500000 237857
999999 524288
630028 539186
1000000 499999
673542 596093
999999 2
959531 956140
1000000 1
500000 1
1000000 475712
816609 649594
811982 784318
3 1
500000 500000
488866 472655
457820 394562
858182 821555
999999 262143
1000000 999999
3 2
500000 198464
843931 718931
566878 566628
500000 244428
999999 475712
1000000 500000
500000 128
583252 531053
1 1
410667 376684
999999 499998
523898 490814
1000000 475713
620559 504552
1000000 524287
436403 340351
500000 262143
999999 524287
4 1
500000 131072
1000000 2
999999 128
281194 247619
1000000 524288
713914 655535
500000 249998
999999 999998
2 1
999999 1
999999 389577
260690 195660
500000 262144
2 2
884690 810631
999999 999999
487983 484846
500000 249999
282958 246199
307416 293547
300853 275059
276371 261163
999999 127
1000000 499998
500000 127
999999 499997
901180 839483
329858 284827
1000000 127
311091 248400
500000 237856
5 1
1000000 128
414388 343352
933399 876575
999999 499999
999999 491819
388380 360712
500000 499999
500000 131071
1000000 262144
882313 705866
652532 628042
999999 475711
500000 2
