200
50 28
10 28
29 19
4 2
5 5
44 15
47 34
42 16
46 35
2 23
18 21
41 6
29 24
31 34
10 14
17 32
49 14
39 32
50 39
50 16
31 20
48 36
22 41
29 22
26 11
43 15
14 8
26 20
20 2
22 26
40 17
16 49
7 31
34 11
11 5
12 45
32 4
2 2
32 11
45 36
40 11
25 43
5 23
37 12
43 4
3 9
22 44
26 15
33 30
25 25
39 26
11 40
38 9
22 38
21 30
6 43
49 41
16 19
43 19
40 5
27 8
17 31
45 49
35 26
34 7
12 49
7 17
13 4
13 7
26 16
42 7
50 25
2 45
27 48
14 24
17 14
39 11
15 2
7 42
6 8
50 50
28 42
3 15
28 35
26 5
45 45
2 1
15 9
41 41
48 4
25 20
29 28
12 35
28 3
16 2
41 13
42 14
48 18
23 20
3 13
34 4
36 6
16 33
46 36
46 15
28 31
47 1
10 16
47 9
21 12
17 25
48 15
22 14
26 9
44 17
34 34
48 47
22 50
6 10
6 22
36 42
35 9
12 48
35 20
25 50
15 11
49 24
29 31
16 16
28 2
46 47
30 18
30 4
39 18
2 28
7 21
27 49
6 49
45 20
37 37
37 49
8 43
29 44
27 3
15 26
11 34
50 38
35 3
41 46
8 12
46 18
16 13
17 6
39 28
20 25
2 18
47 43
47 33
23 24
21 21
29 37
44 14
19 36
42 10
23 34
33 7
9 16
23 3
26 3
4 9
6 32
43 47
46 17
34 32
34 17
50 20
30 40
20 5
35 10
47 38
11 16
38 25
26 29
48 30
28 11
22 34
9 9
39 4
22 17
49 43
11 10
45 13
42 48
2 50
31 48
24 13
24 41
8 47
5 25
17 9
