(10441, 10441, 10441) 3
(10457, 10457, 10457) 1
(10463, 10463, 10463) 2
(10592, 10592, 10592) 2
(11187, 11187, 11187) 2
(11322, 11322, 11322) 1
(11463, 11463, 11463) 1
(14108, 14108, 14108) 1
(14243, 14243, 14243) 2
(14275, 14275, 14275) 1
(6056, 6056, 6056) 2
(6246, 6246, 6246) 2
(6251, 6251, 6251) 1
(6354, 6354, 6354) 1
(6359, 6359, 6359) 2
(6792, 6792, 6792) 3
(6812, 6812, 6812) 2
(6947, 6947, 6947) 1
(6948, 6948, 6948) 2
31/512
[10441, 10441, 10441] 1 3 nhs
[10441, 10441, 10441] 1 3 nhs
[10441, 10441, 10441] 1 3 nhs
[10457, 10457, 10457] 0 2 nih
[10463, 10463, 10463] 0 2 nin
[10463, 10463, 10463] 1 3 nin
[10592, 10592, 10592] 0 2 nnh
[10592, 10592, 10592] 0 2 nnh
[11187, 11187, 11187] 0 1 oii
[11187, 11187, 11187] 0 1 oii
[11322, 11322, 11322] 0 1 oni
[11463, 11463, 11463] 0 1 oso
[14108, 14108, 14108] 1 1 sin
[14243, 14243, 14243] 1 1 snn
[14243, 14243, 14243] 1 1 snn
[14275, 14275, 14275] 1 1 sos
[6056, 6056, 6056] 0 0 hhh
[6056, 6056, 6056] 1 0 hhh
[6246, 6246, 6246] 1 0 hoi
[6246, 6246, 6246] 1 0 hoi
[6251, 6251, 6251] 0 0 hon
[6354, 6354, 6354] 1 0 hsi
[6359, 6359, 6359] 0 0 hsn
[6359, 6359, 6359] 0 0 hsn
[6792, 6792, 6792] 0 3 iho
[6792, 6792, 6792] 0 3 iho
[6792, 6792, 6792] 0 3 iho
[6812, 6812, 6812] 1 2 iih
[6812, 6812, 6812] 1 2 iih
[6947, 6947, 6947] 1 2 inh
[6948, 6948, 6948] 0 3 ini
[6948, 6948, 6948] 1 2 ini
