100
1 1
540 600
840 900
2 0
900 1260
180 540
1 1
1439 1440
0 1
2 2
0 1
1439 1440
1438 1439
1 2
3 4
0 10
1420 1440
90 100
550 600
900 950
100 150
1050 1400
2 0
1079 1429
0 360
83 92
658 662
370 371
820 826
1303 1315
130 135
937 940
730 732
1319 1322
358 360
1135 1147
901 904
414 415
475 478
405 414
920 923
1110 1126
1060 1061
1061 1080
267 273
811 819
899 901
856 860
103 110
97 102
1000 1004
301 331
397 405
769 786
445 447
504 510
673 677
719 730
448 453
1417 1418
1273 1276
135 142
69 84
603 604
651 658
510 524
788 794
190 199
841 849
941 955
288 290
1109 1110
1379 1381
1381 1406
591 603
955 960
189 190
906 909
662 673
940 941
1222 1226
1036 1040
102 103
1418 1440
640 646
84 97
1323 1340
524 536
239 247
159 163
1353 1373
1013 1017
49 52
278 279
1340 1342
163 171
892 896
786 788
909 915
734 760
1283 1294
964 965
1239 1249
1251 1273
1041 1044
147 151
933 937
1406 1412
383 389
442 445
283 286
1342 1353
1208 1218
110 130
1232 1239
860 861
1276 1283
826 838
875 876
478 481
290 292
286 288
1294 1303
567 591
1373 1375
1103 1109
1017 1019
969 1000
604 613
39 44
763 768
923 933
677 681
915 920
768 769
205 213
348 358
453 466
436 442
292 301
466 472
415 431
1051 1060
536 538
151 159
1412 1417
1375 1379
838 841
1322 1323
614 630
1218 1222
1040 1041
891 892
219 225
538 539
636 637
7 34
331 333
646 651
389 392
1186 1202
360 370
637 640
142 147
685 713
960 964
849 856
1019 1036
555 567
630 636
1249 1251
539 552
231 239
1147 1159
716 719
1180 1186
877 891
392 397
904 906
371 383
1092 1103
431 436
1178 1180
52 69
1202 1208
1226 1232
218 219
199 205
247 267
552 555
896 899
225 231
273 278
1044 1051
333 348
732 734
681 685
171 189
819 820
1159 1178
44 49
0 2
1080 1440
11 361
100 100
182 183
142 143
94 95
42 43
180 181
30 31
44 45
136 137
18 19
144 145
6 7
80 81
168 169
126 127
128 129
64 65
62 63
0 1
78 79
150 151
14 15
28 29
92 93
186 187
114 115
120 121
196 197
60 61
102 103
34 35
36 37
110 111
172 173
12 13
116 117
156 157
160 161
66 67
166 167
24 25
152 153
140 141
132 133
90 91
146 147
26 27
52 53
118 119
48 49
174 175
100 101
16 17
108 109
86 87
4 5
176 177
84 85
158 159
162 163
106 107
38 39
58 59
54 55
40 41
70 71
50 51
122 123
170 171
8 9
178 179
46 47
96 97
154 155
22 23
130 131
74 75
82 83
10 11
138 139
164 165
2 3
188 189
148 149
124 125
76 77
72 73
68 69
32 33
56 57
192 193
88 89
194 195
98 99
20 21
104 105
134 135
184 185
198 199
190 191
112 113
390 391
286 287
320 321
262 263
206 207
272 273
398 399
212 213
218 219
258 259
318 319
268 269
344 345
208 209
294 295
340 341
380 381
232 233
200 201
314 315
346 347
362 363
334 335
248 249
224 225
352 353
358 359
266 267
304 305
290 291
298 299
382 383
274 275
376 377
378 379
230 231
220 221
228 229
324 325
326 327
278 279
238 239
288 289
386 387
368 369
244 245
214 215
372 373
226 227
302 303
392 393
354 355
342 343
348 349
236 237
374 375
254 255
310 311
332 333
312 313
306 307
276 277
330 331
250 251
296 297
284 285
322 323
364 365
316 317
204 205
366 367
252 253
282 283
338 339
308 309
336 337
216 217
350 351
384 385
328 329
210 211
396 397
292 293
202 203
234 235
256 257
356 357
280 281
264 265
270 271
394 395
370 371
260 261
388 389
360 361
222 223
246 247
240 241
242 243
300 301
79 84
105 107
399 407
1326 1329
1370 1383
1347 1360
1110 1118
586 592
510 513
266 270
449 453
326 332
323 326
513 530
747 751
614 617
791 794
1104 1106
170 183
1262 1263
1157 1166
994 1001
774 778
96 98
641 642
85 90
946 949
1153 1156
900 903
110 119
1010 1014
230 235
1079 1080
119 121
362 369
1233 1241
893 894
1097 1098
281 287
1098 1101
1101 1103
669 675
764 768
916 917
1409 1410
235 250
712 727
624 625
91 96
456 457
192 193
1109 1110
1368 1370
378 381
794 802
803 805
653 655
427 436
991 994
642 643
1077 1079
137 148
444 449
1056 1064
21 24
710 712
136 137
1297 1298
1118 1122
845 859
1106 1107
1258 1259
481 508
332 347
899 900
609 613
208 213
1216 1231
548 550
1232 1233
395 399
213 221
789 790
617 624
701 710
310 313
1107 1109
1080 1083
951 954
634 639
63 69
545 548
1405 1409
970 971
347 360
639 641
552 557
984 991
831 845
1126 1128
971 984
270 274
1038 1043
207 208
287 295
1037 1038
1291 1297
802 803
743 747
1001 1003
1410 1440
389 392
24 28
41 44
1014 1030
252 256
1241 1243
79 84
193 207
805 809
1054 1056
3 8
592 593
962 970
690 701
1277 1282
1122 1126
1259 1262
936 946
1138 1142
1176 1187
1142 1152
1341 1347
307 310
276 278
655 664
530 545
727 743
646 651
859 863
221 230
917 935
954 957
44 46
381 387
1030 1037
73 79
1392 1404
474 481
1330 1341
388 389
407 425
1404 1405
1210 1216
680 686
98 102
256 259
643 646
1043 1054
53 63
509 510
1187 1199
1128 1138
778 785
13 28
775 793
1388 1400
793 827
713 717
317 325
452 477
237 242
1108 1117
191 210
424 435
1104 1108
548 565
589 590
146 147
1336 1356
1219 1231
242 250
887 949
567 589
1034 1069
827 829
949 954
603 624
861 866
1069 1071
1101 1104
363 364
360 363
1332 1336
708 713
210 237
160 164
89 146
967 972
1356 1369
747 775
435 452
986 1010
1231 1244
517 527
1151 1154
67 97
439 442
748 753
991 998
268 270
717 718
417 422
83 84
1136 1137
250 252
664 676
431 435
1391 1396
1247 1248
977 978
1420 1423
764 774
1359 1361
139 145
703 706
790 797
781 782
1373 1374
614 615
1084 1085
1254 1255
396 402
338 341
1219 1220
1432 1440
788 789
589 598
554 555
436 437
122 131
586 589
1222 1229
1331 1339
80 81
1099 1100
1326 1329
355 365
1176 1181
149 150
1376 1385
1200 1202
1019 1026
610 613
775 779
184 185
1151 1153
1175 1176
655 657
1138 1139
532 535
1409 1415
274 281
1255 1256
242 246
1276 1283
834 836
319 334
575 586
52 55
81 82
82 83
543 549
198 204
1361 1362
504 505
402 405
1365 1370
747 748
1248 1249
725 727
1385 1386
540 543
641 645
760 764
837 840
549 553
1204 1218
999 1000
553 554
1236 1241
1014 1016
740 745
801 810
1140 1149
706 709
1283 1286
1397 1406
1302 1305
935 936
98 101
676 677
1002 1009
1374 1376
737 739
407 413
304 312
235 240
753 758
1190 1192
505 524
1153 1154
1017 1019
1198 1200
1341 1342
422 431
1252 1254
270 272
696 703
372 382
525 527
114 121
1296 1302
25 27
353 354
150 153
1085 1092
851 855
1129 1136
879 887
774 775
1293 1296
929 931
312 319
657 664
892 903
1286 1287
1242 1243
974 975
405 407
527 532
946 956
635 639
563 564
827 833
739 740
555 557
253 267
14 25
1126 1129
443 450
855 856
943 946
557 563
677 678
1165 1171
6 12
1256 1264
30 31
1000 1002
932 935
1189 1190
903 904
567 568
366 372
789 790
785 787
810 822
33 50
204 211
1100 1104
82 53
153 159
496 499
171 176
1327 1331
91 93
1315 1317
931 936
441 444
905 906
320 323
1412 1428
857 861
60 67
1322 1327
1247 1248
1043 1054
257 261
1217 1225
342 343
161 162
343 344
790 793
1362 1364
346 347
388 399
99 104
365 366
383 386
285 288
220 223
1167 1177
226 236
466 469
714 716
291 300
1152 1155
897 905
1352 1362
1117 1140
1112 1114
906 907
386 388
724 729
1350 1352
958 966
148 153
821 823
494 496
995 999
844 846
332 336
1077 1078
347 352
1183 1185
539 542
1155 1162
504 508
865 872
77 81
1020 1026
1026 1028
542 552
211 220
344 346
1028 1043
808 809
8 11
1367 1373
1311 1315
508 511
1346 1350
104 110
688 691
1386 1387
323 325
1345 1346
1307 1311
1214 1217
537 539
832 841
1162 1167
1299 1301
1105 1108
241 246
430 441
283 284
1140 1141
681 687
399 403
188 196
1141 1146
554 562
1248 1249
611 618
499 500
325 332
702 713
444 449
1187 1192
7 8
877 878
936 944
300 305
983 984
130 138
918 921
528 536
1364 1365
986 987
955 958
1365 1367
800 801
1081 1098
223 226
1234 1237
418 419
846 850
1098 1099
514 522
1225 1234
500 504
744 766
255 257
813 821
584 611
336 342
823 829
382 383
114 118
581 583
238 241
477 487
631 640
1237 1247
923 931
84 51
357 363
149 152
736 740
1021 1035
798 809
345 346
1013 1014
1280 1282
346 356
1223 1224
1185 1186
1360 1366
188 192
169 170
1273 1275
1190 1191
1332 1346
889 890
769 771
972 974
377 383
582 592
218 220
1283 1293
1224 1225
1307 1311
112 113
247 261
77 80
1346 1349
743 752
319 320
330 332
68 77
548 559
1435 1440
918 926
1039 1047
626 628
1055 1056
993 994
480 483
895 898
988 993
175 178
1414 1418
635 636
503 504
226 233
1035 1036
957 961
642 649
667 675
334 337
829 830
158 165
926 929
915 916
791 798
617 626
929 942
45 54
890 891
1136 1145
752 754
261 262
1377 1378
546 548
1056 1057
272 276
678 683
165 167
225 226
220 221
233 239
9 15
894 895
628 630
1090 1092
243 247
1057 1060
1262 1263
1009 1012
540 543
388 390
1299 1301
917 918
824 828
152 158
1036 1039
285 286
1396 1398
740 742
1371 1377
1225 1227
1221 1223
579 582
1418 1427
961 972
1282 1283
771 782
412 419
372 376
146 147
944 947
483 487
603 605
563 564
1182 1185
705 708
567 574
363 365
1263 1270
998 1009
131 138
1303 1307
1012 1013
1199 1212
182 185
900 903
390 394
742 743
712 713
82 86
783 784
90 95
1099 1109
734 736
341 342
291 298
828 829
1301 1303
437 448
833 881
286 287
0 2
10 360
1080 1440
70 14
695 712
1019 1020
217 219
262 272
1121 1123
768 773
453 463
631 635
777 778
562 576
54 58
446 449
607 615
426 427
286 297
13 23
1071 1084
1398 1400
773 777
1020 1024
1305 1308
1162 1201
576 579
781 799
4 6
668 678
142 154
988 1000
1252 1255
1123 1130
382 403
621 631
1356 1362
1347 1348
97 110
1255 1261
219 231
799 800
666 668
1102 1108
471 489
1261 1274
1009 1019
58 63
1379 1387
184 186
489 504
1025 1028
66 78
452 453
49 54
428 434
181 184
579 588
874 875
778 779
427 428
590 604
1368 1379
1028 1031
1284 1299
1421 1424
27 30
1400 1404
1055 1067
800 833
1041 1055
635 642
972 987
241 246
110 116
987 988
1387 1398
727 737
1348 1353
137 142
505 518
1274 1284
92 97
317 321
1108 1118
204 209
504 505
1333 1346
0 2
180 540
541 901
2 0
1080 1430
0 360
98 64
1058 1064
607 611
1411 1414
611 619
24 27
1039 1040
650 653
498 500
1184 1191
1250 1256
530 542
700 704
627 637
1029 1035
327 337
1382 1385
1247 1250
1192 1193
84 107
1101 1113
37 43
146 147
1004 1009
1009 1013
637 640
1085 1094
182 191
1376 1379
160 161
1348 1349
1191 1192
167 175
386 389
922 924
1053 1058
406 410
366 368
861 864
679 691
1122 1125
905 915
1437 1439
936 938
924 928
1335 1338
1035 1037
864 869
896 899
1113 1114
1037 1038
1422 1424
522 525
1170 1173
704 706
454 459
642 646
1066 1068
128 136
1208 1229
1040 1043
282 304
1044 1048
1173 1184
995 996
265 268
715 720
962 970
370 374
1434 1437
1360 1376
500 511
358 361
1125 1139
1071 1075
344 350
43 56
1399 1405
1396 1399
1139 1145
935 936
1234 1238
242 244
467 468
142 143
571 582
1114 1122
1075 1085
723 741
1270 1273
350 354
899 902
1229 1234
746 756
354 355
12 17
212 227
1241 1242
890 896
1238 1241
442 452
17 19
314 318
397 406
159 160
107 113
268 270
1094 1099
720 721
496 498
1048 1051
204 205
756 757
827 829
27 30
511 512
227 241
1193 1206
672 679
807 813
948 951
829 834
1329 1332
1206 1208
543 546
945 947
928 932
691 699
941 945
554 571
1407 1408
194 204
542 543
1338 1348
280 282
361 365
1099 1101
975 977
970 975
77 84
20 23
662 664
598 604
1168 1170
1349 1353
356 357
151 153
1385 1396
940 941
951 953
977 983
368 370
248 264
771 784
1427 1434
125 128
206 210
1414 1422
264 265
1358 1359
410 416
653 662
482 484
100 70
1313 1314
394 402
287 288
27 34
556 561
768 773
48 53
675 678
709 711
1345 1353
1201 1202
493 494
778 780
360 366
582 583
642 646
850 853
937 939
561 562
405 416
1203 1205
777 778
1012 1024
1314 1319
807 836
1205 1206
1319 1323
624 628
1156 1158
966 968
716 729
152 153
1123 1128
187 196
1413 1417
842 850
583 590
646 648
1066 1083
877 886
968 971
655 658
261 282
225 235
758 761
1263 1270
19 26
1353 1356
895 901
331 337
235 236
776 777
1 8
1344 1345
948 951
1387 1389
97 98
1251 1263
1274 1282
455 457
533 550
26 27
481 493
663 665
1282 1300
1404 1406
711 716
1163 1177
862 872
8 9
634 642
197 198
1406 1410
796 803
108 118
76 77
250 258
1272 1273
780 784
153 154
325 326
288 293
306 309
1246 1251
457 464
951 960
330 331
497 519
1417 1433
93 94
729 734
1309 1313
612 613
37 42
176 187
1238 1243
1184 1190
146 152
1190 1191
996 1005
447 452
683 688
452 455
1337 1344
661 663
974 979
887 895
702 705
36 37
855 858
749 750
119 136
169 170
1369 1387
1191 1201
322 325
1083 1115
439 447
1055 1066
420 422
242 250
979 994
369 383
520 533
57 58
761 763
613 614
1234 1235
562 572
1158 1163
1243 1246
391 393
9 19
1025 1031
383 391
1144 1145
1270 1272
678 683
1356 1369
337 339
590 602
933 937
1237 1238
99 108
1145 1156
319 322
971 974
479 481
787 796
53 57
658 661
806 807
1333 1337
1400 1404
853 855
572 582
1202 1203
94 97
416 420
464 467
326 330
77 93
688 699
494 496
118 119
1433 1440
258 261
606 612
648 655
763 768
50 36
427 439
262 296
454 456
489 491
1310 1315
379 383
224 230
387 400
929 931
664 678
687 699
404 427
20 28
1288 1308
61 64
1089 1110
1240 1247
15 18
977 980
925 929
1322 1345
1308 1310
245 246
810 820
796 807
1120 1129
820 823
1360 1364
195 210
1223 1230
704 708
730 736
18 20
959 960
386 387
558 581
785 796
491 528
871 922
400 404
922 925
965 972
439 454
1364 1398
1238 1240
296 297
210 224
956 959
931 936
736 744
744 756
960 965
1144 1158
297 306
383 386
1158 1192
376 379
54 61
330 333
608 622
1247 1251
980 983
344 360
622 664
456 479
1131 1141
246 262
114 115
860 871
1141 1144
1040 1041
999 1040
360 363
1041 1068
47 54
1068 1089
28 42
828 835
1251 1254
479 489
42 47
767 772
145 195
1419 1440
1254 1288
306 330
62 78
1077 1080
1294 1300
640 645
956 957
155 157
997 1000
458 464
1371 1373
614 618
545 547
597 603
267 273
1097 1103
1161 1165
1281 1283
682 687
802 803
936 943
425 427
1313 1323
75 81
870 873
672 677
838 840
259 267
372 376
111 120
130 143
995 997
12 13
868 870
242 243
1275 1281
212 218
792 793
1328 1332
989 995
236 241
1414 1418
1271 1273
348 354
780 783
755 768
848 859
206 210
930 932
9 12
1292 1294
882 885
376 380
1027 1030
210 212
251 254
1366 1367
230 231
797 802
1227 1229
1362 1366
914 917
920 922
273 280
120 129
1189 1193
360 361
434 440
604 606
59 63
1199 1202
1169 1171
467 469
578 580
717 718
1379 1385
143 147
1174 1175
361 367
1245 1250
1424 1425
660 672
294 298
1055 1061
1165 1169
1435 1440
1373 1379
356 360
234 236
18 20
416 417
367 369
1075 1077
494 496
791 792
560 561
688 690
1284 1288
36 39
606 611
932 933
1304 1313
687 688
1087 1092
243 249
580 584
1254 1260
369 372
336 344
809 816
308 309
1349 1350
512 518
946 948
957 958
816 819
788 789
712 717
718 731
789 790
427 434
738 747
803 809
13 18
933 936
618 629
1175 1176
1071 1075
104 109
1222 1226
304 308
923 924
690 705
748 755
979 984
309 312
961 963
280 294
518 519
447 458
440 447
646 656
100 104
55 93
737 738
483 486
715 718
1323 1327
1427 1428
284 290
328 331
373 381
136 137
1294 1295
1120 1125
643 648
824 825
387 388
1087 1089
1322 1323
1402 1404
291 299
761 767
703 704
1285 1292
713 715
1278 1285
412 433
516 517
852 858
352 354
47 54
718 725
456 459
979 980
524 525
838 843
1230 1239
46 47
17 18
589 592
180 183
65 72
859 863
442 444
166 168
931 937
494 497
738 746
986 987
997 1002
460 463
1244 1246
671 673
980 984
1113 1114
1033 1037
984 986
2 10
265 266
346 348
261 265
1051 1061
1415 1422
836 837
1378 1379
543 551
941 944
225 228
395 399
1361 1362
477 478
748 750
809 813
242 244
93 108
1125 1135
1386 1390
1038 1040
894 900
1199 1214
1187 1190
133 135
813 824
489 490
904 907
944 959
498 510
787 795
267 280
785 787
1190 1191
541 542
290 291
1239 1244
610 620
796 799
1070 1078
1135 1160
746 748
137 138
1041 1043
121 127
542 543
55 60
357 359
929 931
61 64
310 312
257 261
907 909
1379 1380
1045 1047
312 313
1308 1315
725 726
213 215
1327 1336
394 395
138 140
835 836
1114 1120
1023 1027
341 346
592 593
1357 1361
72 74
218 225
238 242
799 802
915 929
1172 1179
517 524
299 310
827 835
1270 1278
1315 1317
280 283
64 65
704 707
1411 1415
863 870
572 582
1107 1113
563 567
667 671
677 678
1422 1427
438 441
1037 1038
348 350
727 730
63 26
580 585
730 735
1084 1097
14 18
459 466
1172 1174
1136 1149
432 435
611 613
71 73
570 578
175 179
1346 1351
529 531
1284 1290
1318 1323
1332 1338
981 997
931 939
687 690
1338 1340
714 715
170 175
1290 1294
397 400
517 521
951 960
1278 1284
467 476
735 740
1226 1228
848 850
218 227
38 42
342 351
20 30
1351 1361
199 204
42 43
445 446
1104 1109
1097 1104
1005 1009
718 730
148 157
43 53
715 718
370 375
157 170
1039 1041
978 981
134 138
32 35
960 961
621 636
111 116
30 32
299 313
91 96
1316 1317
609 611
961 963
498 502
757 760
1385 1389
521 522
313 316
787 789
486 491
18 20
1361 1371
1186 1192
905 907
446 450
507 517
1214 1220
807 814
1180 1186
712 714
815 831
1237 1250
6 14
1205 1214
375 382
478 486
477 478
696 712
321 324
274 285
33 10
1296 1297
390 394
1349 1388
359 362
1431 1440
462 464
394 403
970 1011
1167 1187
817 823
721 749
209 210
873 881
581 584
1029 1049
1286 1296
337 339
1074 1099
584 587
1196 1247
333 337
498 500
1328 1345
376 390
445 462
1155 1164
372 376
1269 1271
749 753
464 493
1115 1116
803 817
1187 1196
947 964
1402 1428
575 579
500 512
224 237
1271 1278
288 333
21 67
1120 1155
675 680
0 2
180 540
540 900
4 28
654 674
628 649
322 326
187 199
858 871
484 486
1236 1239
649 654
1073 1074
383 393
743 771
1354 1362
1049 1062
679 684
525 535
830 834
497 499
586 595
1109 1115
887 896
1262 1268
435 440
524 525
199 203
684 687
1067 1070
571 582
230 235
273 275
955 962
440 457
1204 1211
66 18
358 360
1374 1380
650 653
198 204
1095 1129
28 31
420 427
795 799
687 729
1202 1203
1184 1186
122 131
837 844
653 654
538 545
385 399
481 489
970 971
1255 1264
466 469
986 987
569 580
775 776
165 170
792 795
360 382
956 970
777 779
1215 1251
857 860
57 67
762 775
1129 1130
252 268
545 553
1047 1062
894 902
24 28
753 757
1072 1083
833 837
1203 1210
17 24
621 635
1210 1215
971 976
1021 1027
776 777
976 983
31 57
872 878
186 188
67 80
1350 1353
516 523
637 650
1335 1337
269 280
458 466
1330 1335
328 330
118 122
303 324
1179 1182
1130 1133
847 857
143 157
656 659
757 762
157 160
80 81
87 118
1366 1374
330 358
888 890
204 227
659 667
1195 1196
418 420
1380 1426
1273 1330
564 569
867 872
553 554
87 25
235 244
442 451
930 937
335 341
830 847
902 930
1115 1123
1171 1182
965 987
486 491
136 147
1244 1259
81 97
1186 1192
798 805
319 326
1301 1309
4 6
1084 1092
1214 1228
199 207
387 397
534 535
503 512
245 248
525 534
1040 1044
816 817
938 939
1433 1437
588 589
939 944
944 946
1310 1312
882 888
589 630
1309 1310
305 319
580 588
244 245
639 658
459 479
436 442
1044 1055
1073 1084
1021 1040
97 99
784 788
18 25
674 677
562 563
1377 1382
563 565
512 520
1259 1275
658 674
6 12
397 436
630 631
565 566
718 720
888 891
40 41
186 194
273 282
282 289
451 453
456 459
99 107
38 40
987 990
548 562
120 126
1192 1198
717 718
1325 1336
1198 1214
788 791
491 495
207 223
453 456
1437 1440
776 784
133 136
41 48
636 639
735 738
937 938
107 115
695 717
1410 1433
566 580
1403 1406
249 251
990 1021
1182 1186
894 902
1343 1365
1228 1244
341 354
1298 1301
720 735
115 120
264 273
535 548
1382 1396
765 776
805 806
326 335
147 186
495 496
1123 1127
61 30
14 27
1080 1084
956 957
273 274
547 550
628 638
1063 1064
997 1000
1430 1433
558 561
80 82
166 168
1070 1071
546 547
410 414
800 812
1098 1101
755 756
1018 1022
675 683
224 231
1164 1168
543 546
42 43
246 251
871 882
561 566
780 781
211 220
1268 1278
526 530
311 316
1240 1262
69 80
193 194
490 491
445 451
727 755
1128 1133
538 543
169 176
421 423
129 149
838 862
990 992
177 179
550 551
1173 1174
1262 1263
605 606
1302 1304
98 100
1155 1164
961 963
721 727
1064 1069
1384 1385
1000 1011
176 177
61 65
592 595
1427 1429
220 224
1311 1345
969 972
454 460
989 990
936 937
683 684
712 718
479 486
1304 1311
105 111
1401 1405
168 169
380 382
251 252
1438 1440
718 721
1027 1037
327 336
1050 1051
401 406
1022 1024
387 394
231 236
756 775
406 407
1434 1438
882 887
1051 1063
31 23
96 110
1004 1015
1015 1020
828 829
345 348
1032 1054
110 126
992 1000
809 828
957 992
157 158
734 760
287 321
1291 1309
524 533
78 96
580 581
1020 1031
606 723
1099 1100
792 796
1345 1382
1161 1211
171 178
1031 1032
518 524
535 544
1084 1087
760 762
1331 1342
47 70
1115 1158
383 384
1309 1331
158 171
127 157
126 127
1270 1291
762 784
581 592
1158 1160
506 518
1257 1261
829 867
215 278
1067 1084
497 504
178 191
559 568
1382 1397
384 403
1054 1067
433 497
504 506
35 33
528 567
1067 1082
341 367
791 830
684 687
852 855
749 776
687 695
640 646
851 852
111 114
567 589
922 949
496 522
522 523
109 111
241 263
167 169
1196 1221
1313 1314
75 84
1160 1188
118 138
478 488
1103 1143
263 289
1221 1270
1188 1189
646 656
97 101
323 326
1155 1159
855 875
1314 1316
904 922
292 322
590 612
893 904
1349 1351
1099 1103
974 975
1318 1349
1010 1012
778 791
61 75
228 241
322 323
967 974
1 20
1316 1318
173 187
138 145
409 415
462 478
456 462
1351 1402
48 53
1419 1432
169 173
1402 1410
1410 1419
656 684
1270 1306
961 967
421 426
326 331
1159 1160
1016 1067
2 85
123 131
131 134
897 903
138 146
487 527
469 476
662 665
625 627
476 483
353 354
615 618
980 986
1184 1190
1424 1427
62 64
837 844
1295 1301
290 304
874 876
354 355
930 934
622 623
761 765
443 444
1358 1370
767 775
1342 1346
304 314
665 672
808 810
1190 1208
704 724
934 942
1301 1307
890 896
242 247
587 589
623 625
657 662
448 452
1322 1328
865 872
1003 1010
765 767
360 366
918 919
1136 1142
604 612
701 704
903 918
1161 1167
846 853
33 35
862 865
452 469
563 577
621 622
42 45
1041 1046
785 787
579 587
872 874
1346 1349
535 546
1335 1342
959 961
321 324
971 975
1102 1109
1328 1329
270 271
1109 1127
1142 1157
1024 1035
1071 1077
652 655
675 692
698 700
977 980
878 890
759 761
857 861
1388 1401
876 877
919 930
853 857
1010 1013
56 43
240 247
956 961
396 402
961 963
1287 1292
1364 1376
547 548
737 740
1057 1061
286 289
624 628
1082 1085
912 927
621 624
407 409
1212 1214
477 501
834 835
429 434
1312 1316
1398 1422
35 36
449 460
283 286
755 760
84 85
971 972
1262 1263
292 294
644 649
155 169
688 689
1298 1306
205 209
511 515
612 617
144 145
1336 1344
714 721
389 396
434 437
232 235
556 568
607 608
1344 1351
1049 1050
762 764
529 530
799 804
185 186
1278 1279
255 268
1279 1280
689 694
1257 1261
357 361
473 474
835 838
474 477
824 828
356 357
238 239
239 240
1190 1191
1149 1155
838 851
741 751
437 439
350 356
1328 1336
600 604
318 337
694 706
1285 1287
465 469
963 971
1061 1067
191 200
364 389
1422 1438
772 787
1155 1162
877 883
268 271
809 815
1046 1048
710 711
1261 1262
1200 1202
1197 1200
787 790
212 222
1162 1164
1292 1294
545 547
131 144
1215 1223
1164 1167
409 410
1 100
564 576
866 881
1114 1121
46 49
1365 1370
615 617
389 392
1204 1208
462 463
12 13
755 762
693 698
116 118
1306 1315
104 108
607 611
1318 1324
728 730
144 151
168 169
33 35
976 978
1412 1415
648 659
1421 1425
892 894
669 674
1185 1198
256 257
1388 1405
91 98
529 536
601 604
407 410
1267 1270
1342 1343
678 679
641 648
355 359
238 240
597 601
1425 1440
98 103
1346 1351
679 680
1410 1411
231 238
103 104
604 607
886 889
113 115
1208 1209
1263 1267
1090 1097
955 961
552 555
278 280
623 630
1022 1026
118 119
1257 1263
720 725
65 66
997 998
730 738
404 406
1156 1162
1405 1406
340 345
1151 1155
359 361
981 985
1253 1257
536 538
1131 1139
747 755
151 159
72 74
212 220
1121 1124
883 886
1085 1088
702 704
240 244
617 623
1211 1224
919 925
345 355
684 685
688 693
251 256
220 221
268 274
576 579
1013 1014
1063 1064
169 176
992 993
282 292
1325 1326
667 669
96 53
277 279
378 385
865 868
323 330
1352 1357
1176 1181
1032 1044
1075 1077
198 205
1369 1371
1108 1110
343 352
1058 1064
1235 1237
1167 1170
513 522
250 255
526 531
405 406
196 198
259 268
954 955
205 207
585 587
47 48
841 844
524 525
165 167
338 343
1316 1328
1163 1164
1138 1141
233 234
1350 1352
996 997
1200 1212
959 967
397 398
12 16
747 759
1411 1412
29 35
1112 1116
1403 1405
1234 1235
1285 1290
306 307
990 993
322 323
719 722
934 935
5 7
355 358
167 176
1345 1350
525 526
693 695
256 259
398 400
70 74
228 232
109 115
922 928
1426 1427
1116 1122
131 134
587 588
126 127
26 29
1212 1226
17 23
279 286
664 672
675 682
798 802
628 634
582 585
208 209
1199 1200
599 603
856 858
956 957
98 103
300 304
408 414
1081 1083
1067 1075
437 445
928 934
1083 1091
1105 1108
657 658
358 377
947 949
760 764
1044 1047
1279 1285
588 592
684 693
536 540
1135 1137
672 675
232 233
570 575
558 566
1153 1163
400 401
74 92
1408 1411
449 450
935 937
23 26
860 865
1401 1403
1122 1130
276 277
483 485
445 449
844 847
997 998
949 954
1189 1190
35 45
741 747
592 593
1237 1247
423 427
1181 1184
916 919
1412 1423
785 792
307 318
1250 1251
304 306
1278 1279
793 798
937 944
1094 1096
387 388
682 684
1007 1011
1137 1138
1104 1105
155 161
993 996
431 437
115 126
1251 1254
898 902
0 2
540 900
179 539
9 72
367 386
425 429
625 642
272 291
4 14
1396 1400
56 86
882 885
42 56
248 253
1331 1355
86 115
1355 1360
1400 1406
949 992
197 202
396 407
482 491
292 294
1079 1080
359 365
516 530
530 538
1231 1236
642 652
1188 1189
435 450
429 435
291 292
1389 1396
386 388
1009 1017
762 769
1329 1331
479 482
875 882
190 197
455 470
253 258
14 17
1189 1190
788 791
1381 1384
721 734
355 359
1116 1133
862 868
1420 1430
470 479
1184 1188
294 306
184 190
1238 1240
319 349
1240 1249
450 455
365 367
1190 1207
769 783
258 268
1047 1059
1430 1440
786 788
1134 1137
1080 1085
491 492
652 688
1004 1009
868 875
933 949
349 354
202 215
1160 1168
115 171
268 272
1017 1031
750 751
1384 1389
306 319
171 174
794 796
53 42
39 46
544 549
1435 1440
975 982
1106 1107
251 270
48 63
123 137
196 201
137 158
584 611
579 583
1398 1405
632 675
1158 1169
474 476
1067 1079
1206 1208
675 677
369 388
557 565
63 81
1263 1275
1025 1051
928 948
677 682
476 477
549 557
1081 1098
1051 1059
1262 1263
204 209
271 274
347 366
781 791
209 235
1208 1211
459 474
1303 1354
733 742
957 967
270 271
982 996
500 530
366 368
742 754
583 584
530 544
189 196
88 123
426 446
619 632
967 975
159 189
1080 1081
611 619
839 879
1275 1276
1300 1303
1415 1435
368 369
1243 1249
996 1025
1282 1294
1276 1282
834 839
1152 1158
304 335
1079 1080
301 304
235 251
574 579
477 500
1354 1398
727 733
1059 1065
158 159
1294 1300
682 709
1065 1067
1405 1415
201 204
446 459
565 574
1193 1206
948 957
879 928
709 727
274 301
1249 1262
1098 1106
791 834
1211 1243
414 426
81 86
17 32
303 328
2 13
344 348
951 959
692 693
147 160
429 430
439 451
1381 1392
50 52
169 171
876 883
700 708
585 599
1232 1233
356 360
1401 1406
209 221
1296 1299
412 420
631 633
619 631
420 427
510 512
61 73
328 338
1216 1217
655 661
1112 1120
1315 1326
1264 1278
1427 1433
263 265
747 755
92 95
508 510
1253 1261
299 303
1014 1016
871 875
289 299
813 818
762 768
500 507
1334 1340
774 780
546 549
689 692
836 839
8 13
27 55
1359 1360
153 158
266 285
1211 1247
975 1002
731 740
1185 1188
311 329
573 577
1399 1417
584 585
789 809
446 453
401 427
1076 1091
329 342
1207 1211
298 301
262 266
1295 1296
2 0
10 360
1079 1429
30 42
782 786
1032 1040
1159 1168
87 101
1350 1353
1088 1090
467 483
981 1004
642 644
1394 1395
264 265
879 885
1336 1338
554 570
902 908
417 419
320 323
133 137
226 229
525 529
959 960
11 19
422 427
585 597
290 296
1249 1256
885 887
1428 1436
323 326
845 857
801 820
1150 1151
1263 1274
960 974
1234 1235
1029 1031
199 201
269 272
326 342
1040 1044
248 259
1305 1315
259 264
954 959
1186 1191
740 753
103 115
194 199
1026 1029
115 133
1125 1146
1044 1053
1185 1186
1212 1224
237 240
265 269
1353 1362
46 49
529 547
313 316
857 872
1406 1412
681 689
1107 1108
217 218
1295 1302
826 830
718 719
1403 1406
605 639
715 718
937 948
31 51
770 777
725 739
489 516
151 161
518 521
947 950
397 400
419 428
34 41
20 30
1144 1156
454 459
1020 1026
990 999
400 403
1309 1346
950 955
979 990
262 272
694 715
1167 1176
1265 1285
1163 1165
1285 1309
347 397
193 211
49 54
211 226
723 725
968 979
293 297
403 419
937 947
1051 1052
286 293
297 329
428 454
1193 1195
1370 1377
1435 1440
839 853
30 34
580 604
1421 1422
1061 1080
960 968
715 723
329 336
1119 1124
521 524
1091 1097
1124 1135
615 629
1159 1163
1365 1370
1135 1138
54 64
835 839
1238 1265
1156 1159
529 580
64 89
524 529
932 937
879 916
955 960
1097 1119
1 18
691 694
1176 1193
604 610
41 46
1236 1238
1352 1365
739 755
1045 1051
677 691
1165 1167
1080 1091
279 286
240 245
146 151
88 78
199 202
650 654
779 783
677 687
438 441
758 765
1438 1440
372 373
1361 1371
226 227
927 930
359 360
855 857
907 912
66 71
1104 1105
951 953
228 229
491 494
1395 1404
140 144
1255 1263
1144 1147
923 926
176 179
1337 1339
791 801
828 829
1032 1035
1116 1118
822 828
25 30
1331 1337
125 131
1270 1271
940 946
671 674
1040 1044
446 460
63 64
749 753
577 580
227 228
571 577
1285 1286
229 244
385 389
840 854
1067 1072
131 135
466 469
774 775
1114 1116
58 63
1328 1331
803 807
957 960
631 643
1000 1004
1263 1264
423 429
1016 1019
116 125
1075 1083
77 79
202 207
1284 1285
474 476
510 521
480 485
956 957
954 956
1014 1015
180 186
1274 1281
390 400
1128 1139
1113 1114
1327 1328
289 292
356 357
413 416
476 480
1212 1222
1252 1255
1273 1274
661 665
537 540
1095 1096
1286 1293
807 815
1437 1438
164 176
345 347
1096 1101
829 831
521 534
688 694
186 194
256 259
953 954
318 319
500 505
1019 1020
654 656
1064 1067
50 52
1072 1075
753 754
1225 1250
1015 1016
656 661
1350 1351
648 650
854 855
1392 1395
333 345
864 872
815 822
460 461
509 510
912 923
857 859
670 671
244 246
411 413
1185 1187
246 250
935 936
1409 1419
432 438
160 162
402 411
461 466
946 951
1027 1031
1196 1201
540 549
1371 1374
625 626
319 323
1005 1008
1266 1270
833 840
1169 1170
303 317
801 803
354 356
1389 1392
357 359
494 499
1004 1005
255 256
1405 1409
1429 1435
1281 1283
1339 1341
87 89
54 58
1170 1174
560 565
1374 1380
665 670
936 939
1300 1304
1110 1112
2 0
1080 1430
11 361
58 29
947 948
1276 1277
1412 1416
126 133
124 126
114 119
801 808
1183 1197
236 243
844 845
603 607
991 995
18 28
845 856
610 615
1078 1082
53 55
1307 1310
149 157
1379 1382
1277 1278
794 798
460 467
258 273
36 41
652 654
913 915
358 359
376 383
414 415
1278 1307
808 825
537 543
426 446
355 358
692 703
512 516
557 572
1402 1405
762 785
5 10
607 610
873 874
450 456
93 96
785 786
1430 1439
472 493
446 449
934 937
842 844
1053 1069
133 147
425 426
660 662
551 557
572 594
274 283
1319 1327
786 789
1275 1276
243 249
632 637
10 17
910 913
470 472
933 934
1394 1401
415 425
1439 1440
641 648
41 53
169 186
249 258
1371 1379
456 460
963 965
615 619
1310 1312
449 450
1049 1053
1405 1412
326 332
96 103
1026 1032
928 930
1146 1151
24 88
417 427
923 924
758 762
548 555
15 19
309 318
1406 1419
1080 1082
344 349
1276 1291
678 679
618 631
1316 1337
1205 1208
747 758
631 636
609 612
57 58
35 49
86 88
91 92
93 108
987 991
1378 1388
229 230
1229 1230
907 908
1291 1295
1086 1089
386 391
828 831
776 786
1353 1359
230 247
1147 1155
413 417
910 917
584 586
1295 1307
349 352
661 666
1082 1084
1126 1139
186 189
770 776
247 264
1172 1181
1362 1366
528 531
114 116
617 618
636 647
810 814
763 765
133 142
1094 1097
694 698
58 62
674 678
579 584
1019 1024
157 168
360 365
961 963
1187 1200
154 156
769 770
1169 1172
908 910
456 462
1143 1146
825 826
870 896
937 944
185 186
995 1007
406 413
744 747
1097 1098
175 181
1344 1353
539 542
944 961
212 224
112 114
801 802
743 744
605 609
403 406
340 344
82 86
683 694
305 309
55 57
991 995
19 35
917 923
647 648
1024 1030
802 810
108 110
49 55
394 403
497 498
1155 1162
304 305
90 91
612 617
11 15
302 304
156 157
767 769
68 42
1333 1335
1274 1298
1340 1346
57 65
87 97
224 232
854 861
1228 1239
1356 1364
703 704
185 219
71 73
1347 1351
473 478
36 37
1265 1272
626 628
274 280
700 702
862 864
398 399
525 540
1226 1228
761 765
432 443
1364 1371
918 928
49 56
837 843
220 221
351 356
628 632
619 620
479 484
361 372
560 561
356 361
806 810
767 770
285 299
843 854
861 862
884 886
1220 1226
1007 1010
1 8
264 274
1018 1027
1212 1215
1158 1170
144 146
1171 1174
1087 1091
1010 1016
399 411
615 619
689 697
999 1004
1128 1148
540 544
571 572
870 884
56 57
120 122
443 445
372 373
739 740
1215 1217
1417 1418
146 151
37 45
752 756
1346 1347
946 963
1125 1126
740 742
1239 1244
620 623
112 116
1127 1128
917 918
779 780
912 917
710 737
592 595
127 128
564 571
770 774
578 579
801 806
415 423
69 71
548 551
1004 1006
1244 1265
180 183
489 506
1113 1124
791 793
551 553
780 791
472 473
1405 1408
1371 1377
308 312
160 165
624 626
829 837
544 546
935 944
75 32
925 934
416 418
570 580
1268 1271
891 898
778 786
27 34
1019 1022
964 969
223 228
688 689
135 138
421 422
1065 1069
1035 1036
845 847
963 964
852 853
1083 1086
301 303
155 161
472 475
752 754
536 537
683 688
786 787
1051 1055
425 428
469 471
1387 1400
1130 1135
865 866
203 205
976 990
34 42
142 155
905 907
418 421
1324 1326
1227 1243
1365 1378
804 807
961 962
910 914
731 732
1350 1365
1036 1041
467 469
1402 1403
408 410
273 290
21 23
580 581
1022 1035
505 507
673 675
1321 1324
1096 1106
794 795
262 263
1163 1164
303 307
898 900
231 236
353 359
502 505
1069 1071
1279 1284
1271 1275
807 808
879 880
1110 1111
1071 1082
914 925
307 316
1243 1245
263 272
247 262
202 203
1015 1016
1332 1340
438 439
494 501
1177 1178
1329 1332
501 502
298 301
810 824
1403 1407
456 457
870 872
735 738
934 938
1142 1151
630 648
900 905
272 273
1183 1188
1115 1119
799 804
1275 1279
969 976
872 874
4 10
194 202
1207 1209
397 402
0 100
481 483
582 586
249 256
887 895
812 822
625 629
257 264
455 458
995 996
520 523
615 623
1002 1005
1185 1186
415 418
997 1000
345 347
235 239
1317 1323
567 569
116 125
13 16
425 442
178 181
623 625
1032 1033
1146 1163
974 979
850 852
483 485
464 468
1045 1046
1276 1282
1052 1053
46 51
1398 1403
343 345
158 161
645 650
140 141
512 518
25 45
1009 1014
539 547
629 633
245 247
410 411
773 774
496 497
87 88
1014 1022
95 100
930 939
1294 1296
916 918
130 135
596 603
1067 1068
287 288
518 520
592 596
1051 1052
766 773
396 398
497 502
1296 1304
765 766
168 171
809 812
953 955
161 165
1046 1051
650 656
802 809
1073 1076
1163 1181
141 143
468 470
368 377
852 861
590 592
1395 1396
603 606
63 71
774 776
731 736
71 73
264 265
726 731
406 410
1390 1392
736 739
265 267
224 230
176 178
670 681
788 801
172 176
485 486
135 137
1397 1398
8 90
267 273
609 610
498 503
378 382
1122 1125
962 963
902 906
701 708
1204 1211
578 581
331 339
846 851
581 587
535 540
383 387
459 470
1335 1345
612 619
42 60
290 293
520 529
934 939
293 294
402 407
503 504
1268 1271
303 310
369 373
141 152
1203 1204
780 795
1418 1421
120 123
401 402
812 816
1421 1429
629 631
1429 1430
1076 1077
432 435
920 922
989 1000
457 459
631 652
229 231
1291 1295
1404 1415
698 701
323 331
185 187
376 377
530 531
1119 1122
1236 1250
1028 1031
610 611
294 299
1332 1335
587 602
75 85
1323 1324
217 229
961 962
355 369
1438 1440
470 486
1295 1302
809 812
85 91
1324 1332
1345 1364
611 612
1115 1116
497 498
1272 1287
1250 1260
189 203
184 185
154 157
65 66
152 153
540 545
111 116
282 288
816 819
723 725
66 75
373 376
1162 1163
760 767
127 131
439 441
176 183
25 32
435 439
888 892
751 760
32 34
59 42
1201 1207
955 960
1120 1126
1239 1241
1265 1269
281 313
1219 1223
1392 1394
502 508
970 979
871 873
654 658
661 662
420 425
68 80
749 755
925 930
1224 1225
538 545
428 437
469 477
124 137
646 647
444 468
1355 1363
693 695
1235 1236
778 780
755 764
53 60
878 884
425 426
193 195
27 29
1092 1102
1431 1440
1297 1302
1139 1146
1422 1423
1046 1047
930 932
739 741
1234 1235
813 814
426 428
400 408
23 24
803 807
80 81
1399 1410
724 725
191 193
87 91
48 52
1315 1319
1283 1286
632 643
1288 1289
1129 1139
120 123
807 808
938 945
509 511
776 778
676 690
1207 1213
381 400
1010 1015
780 781
196 200
986 987
12 17
1329 1343
983 986
1312 1315
960 962
825 827
987 1002
1179 1180
796 803
1182 1184
764 766
577 581
1034 1035
885 897
164 165
1263 1265
418 419
690 693
1372 1373
4 12
1423 1431
662 676
477 480
317 320
920 925
438 444
268 271
1059 1072
468 469
271 273
88 69
639 653
547 550
210 248
795 802
534 542
819 824
1386 1406
1431 1440
398 410
1109 1114
26 32
36 49
543 547
111 112
1208 1214
99 109
388 390
667 685
1125 1137
275 300
301 316
167 177
903 909
1159 1160
1099 1100
1233 1238
1137 1139
1044 1045
837 841
933 935
726 728
597 602
378 379
1301 1321
394 398
1103 1109
1039 1044
127 133
602 604
983 986
371 378
1100 1101
785 795
721 723
423 436
458 460
390 394
1247 1254
1124 1125
986 1017
1418 1420
475 477
701 721
814 818
1361 1370
1420 1431
1171 1175
1028 1031
909 914
802 804
855 871
379 388
300 301
695 700
804 805
410 423
333 337
591 597
550 563
497 534
1199 1200
1280 1301
888 896
460 475
453 458
1144 1148
151 160
86 87
1179 1192
638 639
1321 1337
939 947
354 371
1370 1383
745 749
203 210
1101 1103
1206 1208
1254 1256
1341 1361
5 19
762 765
914 933
1228 1230
1046 1061
32 36
1230 1233
580 591
1160 1171
728 745
935 939
1114 1124
1155 1159
779 785
248 270
477 490
87 99
1031 1039
109 110
133 150
542 543
150 151
1075 1099
876 888
824 837
110 111
749 754
841 855
492 497
1337 1341
337 354
896 903
1238 1245
1272 1280
664 667
1175 1179
700 701
685 695
754 762
177 186
1192 1199
658 660
1061 1075
270 275
871 872
186 203
24 25
660 664
1406 1408
1256 1272
1148 1155
490 492
1139 1144
112 127
805 806
806 814
331 333
1045 1046
1017 1028
723 726
872 876
765 779
1214 1228
160 167
604 638
947 957
1383 1386
100 25
327 330
1431 1436
1291 1305
829 834
642 646
376 387
1340 1343
875 889
874 875
982 983
253 256
1358 1362
950 956
706 709
1004 1008
696 698
647 650
396 405
1083 1085
488 496
1343 1344
1107 1109
556 569
106 118
709 710
650 652
591 595
271 273
1008 1010
322 325
634 635
45 48
51 54
138 140
632 634
753 764
1413 1417
825 829
1268 1272
279 296
307 315
165 166
15 25
834 836
1309 1310
371 376
296 300
805 822
1151 1154
1028 1030
1154 1160
795 796
326 327
908 910
273 276
6 12
330 333
1378 1380
72 76
1390 1402
39 45
890 891
723 728
233 242
1181 1182
50 51
447 451
1069 1070
191 194
1139 1140
333 339
1129 1133
118 138
354 356
174 177
54 61
1160 1161
1366 1368
864 865
840 841
1225 1232
1325 1327
12 15
470 486
635 636
1428 1429
1180 1181
1081 1083
614 618
486 488
595 604
409 412
1272 1281
1248 1255
177 181
841 854
1362 1364
1375 1378
25 33
924 937
1313 1315
1344 1346
1429 1431
212 220
102 106
672 673
640 642
664 667
1051 1059
69 72
1128 1129
201 202
344 350
1316 1325
1136 1139
1149 1151
1198 1200
700 705
387 390
182 183
653 655
276 279
209 212
1218 1222
584 585
72 72
186 196
1420 1427
317 319
1346 1364
934 940
644 655
179 186
747 750
522 534
546 547
637 644
266 278
153 159
774 777
1027 1034
287 299
1364 1365
55 56
980 981
252 266
1120 1126
1235 1236
562 566
433 443
656 663
802 804
1170 1173
1416 1420
590 596
416 433
896 899
1067 1070
1304 1311
121 133
1236 1238
159 163
669 688
873 883
619 628
954 956
1108 1119
405 407
542 546
891 896
1331 1333
1060 1063
628 637
516 517
833 841
1250 1251
883 891
133 138
393 398
1097 1099
163 164
697 715
1063 1067
407 416
759 764
582 590
1365 1376
597 601
566 582
148 149
207 208
138 144
1085 1097
1204 1231
846 849
1046 1057
326 328
743 747
1019 1025
164 170
795 802
949 954
1231 1234
655 656
1398 1416
1392 1398
601 619
783 785
229 236
1251 1261
208 217
1288 1293
813 833
1345 1346
1057 1060
548 562
18 55
911 923
1140 1146
1173 1180
901 909
1311 1315
1376 1389
205 207
852 873
596 597
940 949
1315 1316
1389 1392
76 115
695 697
961 964
1316 1331
217 229
1099 1108
764 774
1153 1170
1070 1084
1009 1018
1146 1153
841 846
474 489
1238 1250
971 980
964 970
1025 1027
196 205
929 934
1191 1192
736 743
398 405
1126 1129
1261 1277
236 242
1234 1235
115 121
777 783
750 759
1034 1046
1119 1120
970 971
956 961
1192 1204
489 497
1084 1085
1018 1019
534 542
144 148
384 393
242 252
21 60
255 257
115 125
575 576
1432 1434
1134 1135
279 281
665 669
1133 1134
883 884
728 730
730 747
604 616
656 659
333 341
20 22
485 491
897 907
12 17
505 506
617 629
525 529
304 305
1380 1388
880 883
1322 1326
103 108
129 153
832 833
787 793
1204 1214
516 518
419 422
659 665
676 681
571 574
69 73
1176 1189
464 467
816 819
281 290
326 329
769 770
781 787
893 897
173 185
112 115
343 353
776 779
491 503
303 304
1107 1114
1301 1307
341 343
1413 1432
1315 1322
912 918
17 20
885 888
434 435
586 591
968 972
254 255
57 61
633 640
153 160
1223 1224
1287 1290
529 532
712 714
1196 1204
467 475
918 927
1354 1356
430 434
1014 1025
192 209
237 242
236 237
855 859
752 761
1075 1082
42 59
1035 1054
5 11
354 358
543 554
404 419
912 929
506 528
771 777
1435 1440
1034 1035
1325 1333
1004 1034
271 284
1212 1221
1333 1334
320 327
65 67
1144 1147
687 698
399 404
570 591
182 186
158 162
32 40
1344 1347
884 889
45 65
1303 1308
1311 1325
909 912
1262 1266
644 653
844 863
1083 1093
1334 1339
1151 1156
353 354
591 599
42 45
1294 1299
784 795
1110 1113
1195 1196
1147 1151
1276 1281
1308 1311
1266 1272
608 610
1243 1251
27 31
1080 1083
1233 1237
1054 1058
1281 1294
1066 1079
538 543
875 881
1359 1362
1362 1387
754 755
305 320
22 27
238 257
500 501
1394 1405
720 724
178 182
1201 1203
12 14
11 12
1405 1407
1156 1159
1341 1344
74 81
186 206
136 144
968 969
1349 1359
421 423
329 346
1093 1100
1407 1411
465 473
554 565
939 953
1079 1080
168 170
1237 1243
81 112
864 875
444 463
162 166
724 754
463 465
269 271
257 259
620 644
893 896
1159 1171
528 532
1131 1144
7 3
249 252
312 314
1195 1197
616 638
267 279
372 374
721 727
71 75
1304 1320
391 398
100 100
158 165
259 266
403 410
345 352
475 482
1108 1116
1411 1418
1036 1044
1022 1029
1065 1072
72 79
316 324
1123 1130
1324 1332
792 799
1353 1360
950 957
1310 1317
417 424
360 367
28 36
374 381
849 856
547 554
216 223
1267 1274
14 21
1094 1101
1152 1159
331 338
1296 1303
633 640
662 669
777 784
590 597
388 396
1137 1144
57 64
446 453
0 7
734 741
1224 1231
648 655
1180 1188
230 237
1281 1288
1051 1058
1252 1260
115 122
1382 1389
1396 1404
504 511
604 612
979 986
1195 1202
936 943
806 813
878 885
561 568
691 698
1368 1375
1008 1015
820 828
576 583
1080 1087
489 496
748 756
302 309
432 439
1238 1245
892 900
86 93
460 468
720 727
964 972
1339 1346
907 914
619 626
518 525
763 770
244 252
1166 1173
201 208
187 194
1209 1216
100 108
835 842
676 684
705 712
172 180
921 928
288 295
864 871
1425 1432
993 1000
532 540
273 280
43 50
144 151
129 136
525 532
1173 1180
828 835
511 518
482 489
1072 1080
756 763
1216 1224
612 619
597 604
1317 1324
1159 1166
770 777
180 187
64 72
1101 1108
669 676
741 748
1087 1094
410 417
352 360
727 734
1346 1353
468 475
1303 1310
871 878
324 331
93 100
295 302
1375 1382
237 244
1044 1051
856 864
554 561
1188 1195
122 129
972 979
338 345
540 547
900 907
1418 1425
252 259
108 115
813 820
885 892
1260 1267
1116 1123
266 273
986 993
698 705
1389 1396
1404 1411
655 662
165 172
1432 1440
21 28
1130 1137
626 633
223 230
7 14
799 806
1231 1238
1288 1296
208 216
309 316
50 57
1144 1152
439 446
367 374
1332 1339
712 720
151 158
381 388
396 403
1360 1368
684 691
568 576
640 648
280 288
136 144
424 432
583 590
914 921
1202 1209
1029 1036
842 849
1015 1022
194 201
36 43
784 792
1000 1008
79 86
453 460
1058 1065
928 936
496 504
1274 1281
1245 1252
957 964
943 950
36 51
503 520
120 124
481 503
147 152
1401 1403
1171 1175
845 856
522 525
714 720
929 951
270 276
360 379
755 762
1389 1394
253 254
1209 1214
1358 1370
585 588
276 280
789 795
1191 1201
451 455
1003 1008
1162 1165
1214 1217
1119 1122
1235 1236
418 422
884 897
1395 1401
856 876
180 182
327 339
1323 1325
39 43
1206 1209
280 282
591 598
398 418
561 571
432 436
638 653
967 981
1152 1153
674 688
49 59
1326 1344
1201 1205
1377 1389
1041 1053
436 445
1056 1073
1262 1266
917 922
653 665
230 242
254 264
1144 1147
837 838
712 714
544 552
282 297
1218 1221
751 752
552 553
245 253
242 245
737 751
829 835
455 456
720 731
59 61
835 837
43 49
1153 1162
838 845
445 451
876 877
426 432
341 349
339 341
964 967
1205 1206
73 105
316 317
317 325
379 394
0 2
0 360
1080 1440
88 46
1143 1146
513 525
512 513
477 482
897 901
677 683
411 418
891 895
875 879
707 709
134 151
1309 1312
658 660
984 992
127 130
794 795
398 402
779 780
113 119
908 909
208 211
1405 1412
237 244
1364 1367
1218 1220
195 199
151 165
562 571
867 873
1121 1126
407 411
895 897
282 284
181 195
583 586
1294 1303
1286 1289
450 456
403 407
586 597
1313 1315
1166 1167
178 181
1370 1373
820 822
976 979
813 816
716 719
1303 1307
1104 1106
54 56
1278 1283
1240 1241
1039 1042
1165 1166
648 649
1412 1416
731 734
1362 1364
1283 1285
508 512
358 361
1254 1256
862 867
1071 1080
1263 1268
302 315
956 963
1416 1426
549 554
1201 1204
1339 1343
269 272
1349 1355
688 690
909 912
125 126
1194 1200
604 605
1207 1218
435 436
709 716
992 1006
347 354
59 70
734 735
174 176
694 698
943 956
674 677
1024 1036
289 291
223 224
203 205
1120 1121
790 794
388 390
788 790
1167 1178
253 259
1180 1188
1221 1230
1343 1345
1006 1013
87 89
670 674
397 398
1149 1150
205 208
1317 1321
56 57
268 269
1200 1201
833 843
918 926
536 541
487 488
851 854
167 174
554 562
859 862
457 461
354 358
31 37
1289 1294
361 368
47 50
902 904
1312 1313
379 382
649 651
436 447
687 688
298 299
2 0
10 360
1080 1430
2 0
1439 1440
0 1
26 16
1004 1018
1427 1437
1002 1004
41 42
1400 1418
1200 1209
343 345
384 386
1221 1230
1373 1377
526 535
1437 1440
1247 1252
505 508
1343 1346
508 526
353 359
658 676
998 1002
874 876
746 750
271 288
599 619
728 745
98 102
252 264
693 694
801 804
1382 1386
1057 1091
1271 1285
1358 1362
1235 1240
386 392
264 271
1167 1172
165 182
965 971
182 198
885 887
950 959
1172 1187
100 100
530 533
613 621
1418 1419
1026 1030
481 484
780 781
818 827
524 528
689 691
1097 1098
296 304
1272 1273
933 938
1392 1393
1149 1156
747 752
96 100
621 631
781 784
752 754
550 558
941 944
870 871
772 777
2 45
154 173
1387 1388
1056 1059
930 933
1335 1342
365 368
1126 1128
89 94
891 903
688 689
243 246
1236 1260
251 259
1030 1032
1208 1209
200 209
237 241
635 636
78 82
57 58
268 280
1388 1392
1302 1303
1077 1078
1182 1189
944 945
379 382
654 657
331 349
631 635
304 309
1121 1126
1382 1387
186 200
533 537
1098 1104
1111 1114
1189 1192
420 425
838 853
368 370
1011 1015
329 330
960 967
457 465
770 772
450 457
1009 1010
1295 1297
469 471
600 602
905 911
1038 1056
1342 1365
754 755
152 153
979 983
209 214
671 676
829 837
231 237
913 920
528 530
1032 1033
471 474
396 406
1061 1072
100 105
479 481
77 78
1365 1366
1006 1009
727 747
241 243
968 970
1196 1199
280 283
1303 1304
176 181
863 865
588 600
406 414
1083 1085
1090 1092
153 154
1407 1418
702 703
1192 1193
1087 1090
182 186
312 314
777 778
877 882
225 231
1231 1235
325 329
1159 1162
920 930
1235 1236
1114 1120
1104 1111
1079 1082
725 727
948 955
1394 1400
1156 1159
181 182
872 877
289 296
967 968
988 994
324 325
349 351
884 887
541 546
795 807
1326 1328
376 379
82 89
653 654
1427 1436
1092 1096
417 420
1082 1083
216 225
1085 1087
283 288
1275 1295
755 761
1436 1440
414 417
314 318
647 650
663 668
911 913
351 353
1037 1038
1075 1077
58 62
657 663
581 588
1134 1142
871 872
1036 1037
465 469
1269 1272
1426 1427
474 479
56 57
1216 1231
1393 1394
549 550
356 359
1329 1330
353 356
76 77
938 940
1019 1026
986 988
1073 1075
1400 1401
890 891
266 268
712 718
1177 1182
1193 1196
370 376
447 450
1260 1267
1142 1149
54 56
1078 1079
1267 1269
214 215
940 941
29 57
378 379
188 208
509 532
1123 1124
429 470
1365 1376
1285 1294
1248 1259
1228 1237
298 301
10 18
1086 1106
1019 1020
850 853
944 953
1435 1440
1109 1114
152 157
640 649
682 707
399 429
1268 1276
1114 1119
974 977
1408 1416
157 188
1276 1277
21 30
356 362
962 964
1201 1203
834 841
208 209
616 621
585 588
39 67
1065 1086
1194 1199
377 378
1346 1357
1124 1129
79 100
923 926
649 651
1129 1133
144 149
330 336
149 152
1106 1109
1400 1408
388 391
677 680
707 713
730 739
379 380
1050 1052
747 780
725 729
74 77
391 392
209 219
844 849
1199 1201
1203 1219
470 509
256 295
219 222
729 730
856 892
1360 1365
1384 1389
1390 1400
665 666
588 605
929 944
892 896
853 856
380 388
1343 1344
605 609
1237 1248
896 906
964 971
309 321
77 79
1389 1390
0 2
0 1
1439 1440
7 16
590 599
1350 1354
1314 1327
449 463
605 610
1407 1426
524 539
1179 1182
646 660
64 107
612 635
805 834
865 888
1293 1301
295 303
771 802
841 847
1390 1404
1105 1131
482 497
610 612
1301 1314
379 411
75 5
588 589
1131 1144
742 746
1219 1224
180 181
1050 1051
646 648
838 841
1224 1256
466 491
440 446
109 113
202 209
1380 1389
122 125
69 73
436 440
30 44
1051 1062
1196 1200
182 189
841 853
1420 1424
181 182
165 166
339 342
1122 1131
256 257
151 165
384 389
1095 1103
394 408
13 17
125 131
448 466
1039 1040
1424 1438
862 863
143 149
380 384
226 256
589 595
8 10
1119 1120
209 215
1216 1218
571 574
1394 1420
1200 1209
411 420
378 380
880 884
740 742
636 640
90 96
853 862
273 299
836 838
1163 1186
640 646
1103 1117
1211 1212
672 700
328 339
113 122
257 273
746 764
317 321
863 867
1326 1353
75 77
884 917
321 328
1353 1362
1022 1030
1186 1196
595 596
820 829
565 571
932 941
99 99
316 317
182 183
47 48
662 663
986 987
1022 1028
791 792
984 986
1090 1091
138 152
184 186
870 871
183 184
1349 1352
592 595
100 101
1289 1291
1100 1101
943 944
1083 1090
403 405
754 761
250 257
504 512
912 914
1150 1152
977 981
761 768
247 250
919 929
375 376
14 18
521 523
858 864
1093 1094
206 212
887 895
48 50
40 47
580 584
1121 1123
969 977
178 179
86 89
1047 1049
1299 1301
219 221
1416 1418
1034 1037
1000 1004
451 455
308 315
669 683
258 262
1347 1349
829 833
1292 1299
882 887
75 76
462 463
304 308
684 687
735 740
417 419
876 879
166 171
1181 1183
6 12
834 835
624 634
68 69
1054 1068
493 494
802 809
1214 1221
914 915
787 791
376 397
864 866
1186 1194
848 849
89 90
707 710
1045 1047
683 684
553 555
405 417
13 14
1244 1245
458 459
1109 1117
1406 1416
282 285
397 403
101 107
555 561
836 838
24 25
461 462
873 876
918 919
1253 1256
26 32
153 154
464 469
1183 1185
1379 1380
546 547
987 990
534 538
329 332
419 421
1336 1341
732 735
953 957
1139 1141
532 534
1269 1279
1422 1426
447 451
281 282
579 580
1426 1431
163 166
262 264
240 243
1080 1083
495 497
372 375
243 246
1014 1015
1359 1365
63 68
114 118
744 749
1365 1369
944 947
812 829
1164 1169
471 472
1418 1421
159 163
135 136
1129 1136
1375 1379
317 325
957 963
936 938
687 690
179 180
740 744
474 488
1305 1308
1291 1292
866 870
751 754
599 603
550 553
942 943
1316 1321
1311 1312
264 267
1106 1107
584 590
268 273
76 78
154 157
618 619
497 501
1330 1336
189 194
277 281
792 796
1078 1080
871 873
621 623
796 798
571 573
538 544
1432 1440
459 461
1312 1316
655 658
573 579
549 550
212 219
1369 1370
12 13
1091 1093
1049 1051
285 286
561 571
901 906
650 655
931 936
1245 1253
488 493
1098 1100
68 20
1125 1131
1436 1440
1263 1269
532 547
1336 1341
1374 1382
1252 1263
450 452
190 192
618 620
914 931
442 446
77 86
609 614
380 407
1131 1160
1010 1012
832 846
621 624
515 518
981 988
1187 1211
221 223
117 147
488 491
1124 1125
952 955
365 374
1173 1174
1021 1024
227 229
1356 1373
192 198
658 660
993 997
1216 1221
58 61
214 221
440 442
560 564
1211 1216
806 807
1050 1068
1221 1234
338 343
374 375
518 521
452 459
39 45
1240 1244
1285 1310
576 577
1009 1010
577 604
650 657
320 325
1408 1416
1244 1245
1160 1162
198 211
824 831
990 993
345 350
1174 1175
325 338
479 482
1250 1252
820 824
1068 1073
547 560
648 650
644 648
522 532
1269 1272
1421 1424
319 320
912 914
1105 1114
1122 1123
375 376
431 439
474 478
449 450
45 50
1162 1165
491 504
86 89
1314 1322
81 41
143 144
995 998
998 1002
238 258
941 950
936 941
144 150
518 525
602 616
235 238
1276 1277
1423 1425
106 117
1349 1350
63 64
654 660
25 39
1023 1031
318 321
1149 1150
1191 1202
498 501
410 411
550 555
934 936
878 881
1425 1440
1031 1035
845 865
1057 1070
142 143
1107 1110
1369 1377
537 548
1111 1117
1036 1048
117 133
311 317
1012 1020
986 995
1004 1009
1306 1307
1119 1133
176 177
661 665
1051 1054
764 780
1329 1332
705 709
1277 1278
445 446
919 923
548 550
1319 1329
374 379
780 791
557 571
1110 1111
408 410
1140 1145
133 138
1337 1340
871 878
21 25
427 445
1163 1180
379 389
1103 1107
904 919
674 684
60 63
1145 1149
737 748
894 898
1224 1236
671 672
39 43
1395 1410
1150 1156
973 986
1307 1310
1204 1224
1101 1103
158 163
865 871
723 734
309 311
501 518
208 220
138 140
1310 1319
497 498
1389 1395
684 705
53 60
1377 1384
317 318
923 934
672 674
528 537
1299 1306
446 453
970 973
1117 1119
157 158
493 497
177 200
807 828
1035 1036
64 70
207 208
1417 1423
292 302
1133 1140
898 904
709 723
226 229
473 493
637 640
340 368
1384 1385
616 620
23 31
325 327
237 240
770 772
412 414
134 136
327 331
772 774
1077 1084
1085 1092
241 263
973 1043
146 157
581 584
1084 1085
798 829
201 220
787 792
584 587
366 367
414 416
870 882
1192 1201
1361 1378
1359 1361
952 970
780 787
222 237
1105 1118
1298 1308
708 717
165 168
1392 1395
1092 1105
492 496
856 870
1068 1075
1187 1191
1051 1059
905 919
428 440
1405 1421
1395 1398
460 473
504 505
533 555
158 165
368 383
1378 1385
168 169
1308 1327
331 356
618 633
396 410
829 848
29 70
452 455
614 618
1273 1283
1070 1081
1411 1440
39 55
1364 1380
706 713
203 224
901 904
247 248
1134 1135
1110 1118
1241 1243
1336 1342
1135 1152
1268 1270
1380 1381
244 247
180 185
530 553
1086 1099
826 828
1356 1359
225 228
127 135
946 962
190 194
175 180
1385 1402
1405 1411
881 887
654 665
376 378
498 505
194 203
800 815
1108 1110
1081 1083
648 649
1342 1343
1325 1328
505 506
122 125
15 30
189 190
1402 1403
687 698
228 244
987 1034
324 359
188 189
631 646
506 519
1066 1070
904 934
373 376
318 324
359 360
224 225
1048 1052
1270 1273
698 704
483 498
724 730
171 175
248 278
308 318
1258 1268
1099 1108
1381 1385
799 800
739 746
665 670
565 574
891 892
1152 1159
887 891
126 127
730 734
450 452
1159 1168
670 687
455 460
119 122
1058 1066
125 126
747 761
1403 1405
574 584
558 565
278 308
1118 1128
30 39
1052 1058
815 823
1128 1132
1034 1048
1189 1206
3 10
93 104
50 52
1153 1158
1352 1355
1014 1030
881 896
978 979
709 714
104 110
1215 1248
1030 1052
1203 1215
166 171
7 51
610 612
21 24
306 334
113 116
576 584
275 291
533 553
1411 1412
1366 1367
972 992
1221 1223
1373 1405
1268 1269
1086 1090
1182 1184
881 889
553 558
1225 1233
336 339
364 402
194 204
433 436
725 738
18 21
1369 1370
334 336
166 168
914 947
900 902
302 306
560 565
1272 1279
1184 1187
1306 1318
519 533
103 104
1367 1369
1269 1272
677 703
625 633
665 677
204 217
961 972
892 896
654 657
1305 1306
1063 1080
738 768
1223 1225
951 961
775 795
1126 1129
1348 1352
612 625
462 467
657 660
217 227
411 425
10 100
767 771
281 283
470 471
566 569
1332 1336
633 635
831 833
1113 1115
589 592
434 436
471 472
414 415
1233 1237
429 430
635 638
530 537
608 610
232 235
987 988
214 215
65 66
1188 1192
227 228
956 962
241 242
73 74
1007 1012
113 119
264 267
1042 1054
1336 1343
510 516
781 790
1382 1391
245 260
1428 1430
364 365
1400 1402
891 892
1413 1420
537 539
182 186
745 751
186 190
867 868
103 104
365 379
293 296
674 675
267 269
430 434
1227 1231
1021 1026
1158 1181
929 948
284 289
525 530
715 716
94 103
907 909
91 94
443 447
1001 1005
350 351
1134 1136
296 302
555 561
108 113
954 956
948 954
223 225
124 133
351 358
551 552
707 714
588 589
628 632
326 331
612 616
474 477
755 756
74 85
903 904
205 206
463 467
1133 1134
136 139
119 120
963 975
192 199
1205 1209
900 903
1111 1113
309 311
771 781
1094 1105
416 417
206 214
276 281
1368 1382
336 337
52 62
1154 1158
509 510
1430 1434
161 172
1060 1062
909 910
863 866
1267 1272
91 1
186 198
350 355
116 127
1090 1093
588 595
808 812
127 132
519 537
999 1021
1379 1395
906 935
1030 1039
1332 1346
970 975
1073 1074
1366 1376
355 359
1100 1121
1330 1331
400 410
574 580
1021 1030
63 72
72 73
429 435
466 484
462 464
679 696
781 783
1225 1227
812 813
858 868
1323 1330
1121 1125
562 568
1425 1426
338 350
1279 1281
853 856
73 79
1288 1296
171 186
253 266
292 316
975 986
895 906
952 956
656 679
968 970
145 147
112 116
623 641
986 999
1397 1404
464 466
1039 1041
602 609
794 807
1346 1349
318 331
1309 1318
157 163
1296 1308
599 602
841 842
587 588
788 792
715 733
840 841
959 963
291 292
609 623
1349 1359
1232 1234
1417 1421
965 968
1061 1064
1231 1232
200 225
1041 1048
454 462
1227 1231
443 454
963 965
580 587
266 271
1064 1067
792 794
568 574
783 788
79 90
225 253
40 9
278 283
911 922
1133 1134
111 113
1174 1195
485 523
27 37
870 873
1264 1266
95 96
1072 1078
357 360
1266 1282
1428 1440
308 318
862 870
390 401
691 697
1371 1388
737 743
1152 1154
1199 1214
985 987
1426 1427
11 22
165 168
1024 1047
575 577
613 634
1090 1094
775 791
373 381
1237 1239
831 839
1154 1160
181 196
927 936
1311 1332
1119 1129
324 346
797 802
1391 1397
1282 1290
1226 1232
1222 1226
1290 1298
727 737
1388 1391
712 714
92 21
369 372
416 422
1002 1005
147 150
27 38
206 207
1390 1405
331 332
233 238
1428 1432
994 997
1009 1017
399 400
721 732
1184 1189
422 424
1076 1077
900 913
1175 1177
1255 1256
1047 1048
528 530
11 12
12 13
454 459
332 334
314 323
211 213
1084 1094
801 804
90 95
1171 1175
788 793
1145 1146
330 331
1039 1040
400 404
44 47
1386 1387
1183 1184
1034 1039
246 247
1058 1064
256 257
1147 1160
717 721
968 971
666 668
285 289
159 165
150 152
1104 1109
1387 1389
890 900
1413 1414
843 846
1340 1349
620 622
846 850
207 211
238 242
22 27
1189 1197
570 571
472 473
1094 1100
177 182
216 219
270 272
247 254
1405 1411
1212 1248
1270 1275
1027 1028
1166 1171
1298 1300
535 542
497 498
1264 1270
1044 1047
176 177
1389 1390
860 867
447 453
1434 1439
1028 1034
780 788
182 186
1069 1070
441 446
80 85
816 821
998 1002
436 437
706 707
943 968
404 407
1079 1084
749 756
367 368
622 624
1163 1166
575 576
874 881
1370 1373
76 80
213 216
594 616
1292 1293
13 17
1126 1129
1119 1126
476 478
20 30
1341 1345
977 1001
27 33
1409 1412
1149 1155
885 896
194 212
33 67
230 247
1279 1288
1356 1360
72 74
418 427
1050 1053
540 544
3 7
616 621
1234 1247
519 520
818 820
74 79
1166 1191
969 971
1299 1311
247 254
940 950
382 391
176 177
7 9
277 289
1155 1166
1220 1225
1004 1016
1394 1409
905 916
1379 1389
571 573
1091 1095
709 710
348 362
1138 1148
881 885
67 72
723 726
506 518
1057 1071
950 955
504 506
474 489
710 723
87 14
1252 1256
357 364
74 75
29 37
948 955
47 51
782 788
637 641
566 572
1350 1359
1228 1229
994 998
1008 1014
381 391
1340 1341
676 681
1292 1303
434 438
704 707
631 636
641 643
293 295
1435 1440
214 238
1080 1089
312 315
391 402
283 289
129 138
636 637
1328 1340
934 943
670 676
760 769
811 812
1127 1132
982 991
557 566
717 720
199 207
593 598
663 670
452 470
527 535
969 977
901 905
968 969
315 328
1303 1328
1193 1199
356 357
1239 1252
553 557
812 817
251 252
1288 1292
955 964
607 612
238 251
51 54
769 770
21 22
402 408
750 751
605 607
61 63
1015 1017
89 123
866 875
657 661
1231 1239
1175 1179
1066 1080
123 124
78 89
795 799
56 60
1341 1350
1007 1008
825 832
65 74
598 605
1190 1193
921 929
1218 1225
1258 1263
1042 1055
126 129
612 629
875 880
409 411
1359 1365
540 542
350 356
707 708
289 293
721 730
943 948
817 820
1106 1115
1199 1204
49 17
489 492
965 975
130 152
842 844
152 156
679 680
941 947
1243 1250
559 570
1203 1209
430 456
211 213
1209 1210
984 997
775 778
1389 1398
861 867
1140 1164
997 998
1435 1436
369 373
1078 1084
1075 1078
1381 1389
998 1009
707 725
456 462
764 766
1049 1066
59 65
906 923
1377 1381
797 802
213 225
778 781
923 928
517 525
401 407
1215 1227
625 629
504 512
1250 1260
1337 1340
877 881
311 314
704 707
1412 1421
1345 1347
1237 1243
1400 1401
752 759
663 675
243 269
225 232
328 342
593 597
287 311
512 517
351 353
1066 1067
492 496
1362 1377
570 590
1285 1299
6 55
680 704
60 84
1170 1172
1032 1033
1431 1438
1312 1353
258 267
421 423
601 603
1075 1079
552 566
715 716
536 538
325 326
119 120
1371 1381
384 391
819 823
74 79
1273 1295
130 131
1417 1428
621 626
994 1001
465 467
1228 1233
568 569
308 309
689 699
1438 1440
1392 1399
479 481
666 679
781 794
847 861
140 145
460 463
481 485
980 987
577 584
467 473
845 847
591 596
1215 1218
127 130
1163 1164
400 401
596 601
525 534
608 617
1068 1069
1218 1223
584 585
989 994
687 688
933 936
231 237
746 750
1269 1270
516 524
1026 1027
1033 1037
1066 1068
1037 1045
223 230
267 282
1002 1003
1060 1062
214 223
494 500
895 896
341 351
761 772
326 330
145 150
1409 1413
1399 1400
316 317
40 50
473 479
500 511
1118 1124
89 92
897 900
1302 1306
423 424
282 284
230 231
603 608
448 449
492 494
634 641
699 707
1353 1371
317 325
538 542
1124 1127
914 915
131 134
1306 1312
1264 1266
963 974
719 739
806 813
401 402
109 119
866 869
463 465
679 681
1069 1074
399 400
1130 1132
1430 1431
73 74
340 341
1416 1417
420 421
823 829
330 336
187 198
842 843
1062 1066
1003 1021
98 101
1381 1384
739 746
247 254
50 60
92 98
1177 1186
87 89
208 213
511 513
707 712
1045 1049
829 838
69 73
1251 1264
1001 1002
485 492
900 914
1270 1273
35 37
1413 1416
569 572
1053 1056
94 37
354 355
1226 1231
256 260
415 417
309 320
1378 1379
1150 1156
1301 1306
71 73
857 858
1140 1148
681 685
209 210
1326 1342
1180 1191
55 56
967 974
433 446
992 995
587 596
567 569
906 909
599 601
965 967
603 606
1116 1117
1086 1092
1231 1235
1317 1326
858 860
1156 1170
45 55
867 868
627 631
362 379
156 157
1149 1150
131 135
80 82
1394 1401
336 341
474 483
240 243
419 421
725 735
1385 1389
824 837
685 689
159 160
28 35
791 793
978 980
860 867
617 621
1125 1130
609 610
303 304
1011 1016
1170 1171
644 647
59 71
909 958
607 609
1266 1289
42 45
1295 1301
647 650
185 196
1438 1439
902 905
1205 1208
905 906
73 74
409 410
283 294
690 695
210 240
974 976
812 823
393 398
1134 1140
1067 1075
1006 1011
486 502
735 749
135 144
1401 1420
1356 1361
783 791
793 808
886 887
121 127
247 248
610 611
529 541
113 121
515 529
561 563
386 388
1208 1217
1235 1246
868 877
1246 1248
1370 1378
105 113
695 703
654 673
305 309
724 725
446 451
823 824
1092 1101
252 254
298 301
1032 1034
885 886
1389 1392
634 644
1306 1317
1179 1180
877 885
1361 1370
320 321
689 690
1248 1255
333 336
650 654
484 486
464 470
355 357
463 464
43 62
1000 1007
272 278
696 706
804 805
1107 1114
741 742
984 993
480 492
492 495
1148 1160
78 90
963 967
441 456
713 721
624 629
1250 1263
567 568
829 837
721 722
1397 1402
1345 1350
1213 1214
429 431
1296 1322
168 178
771 772
1354 1359
890 897
437 441
561 567
664 670
255 272
1183 1187
916 919
805 809
677 679
754 760
824 829
897 905
290 304
1079 1096
1137 1140
1377 1383
1359 1362
1322 1327
1263 1276
11 21
1046 1054
620 624
124 133
358 373
837 840
330 332
905 915
1075 1079
1292 1296
1143 1148
773 777
253 254
1236 1241
1097 1098
679 681
1160 1175
467 477
1427 1429
1028 1033
238 245
477 480
309 327
216 221
1336 1345
346 349
1187 1195
706 712
1035 1046
968 971
1114 1129
645 657
967 968
196 212
462 467
507 518
522 535
1140 1143
245 253
29 31
1033 1035
226 229
395 429
215 216
49 51
879 890
178 186
1057 1068
121 122
796 804
236 238
841 872
818 824
722 724
122 124
327 330
556 561
974 975
952 953
77 88
1426 1437
1021 1023
23 29
938 939
633 634
792 796
850 853
600 617
1393 1396
900 902
653 657
939 940
1060 1062
1215 1217
1397 1400
492 494
1309 1316
692 694
300 303
1332 1333
489 492
789 792
1005 1013
476 481
1135 1137
81 82
354 368
1192 1195
599 600
162 176
1240 1248
241 246
148 159
1255 1257
520 525
1418 1419
404 407
82 85
1424 1426
1047 1052
407 419
589 594
1044 1047
1317 1332
1248 1255
1191 1192
1400 1406
1406 1411
29 30
853 863
1002 1005
98 99
1276 1277
287 292
1343 1345
690 692
38 50
1163 1169
979 983
494 502
734 742
1127 1135
1052 1059
582 589
1176 1182
888 900
964 979
487 489
421 440
840 842
634 643
320 327
71 75
678 686
1169 1176
145 148
1206 1207
246 258
902 903
903 905
1302 1309
730 734
54 56
842 843
716 726
551 574
85 94
753 764
652 653
957 964
1294 1302
1342 1343
327 334
1292 1294
944 955
1062 1075
1211 1214
159 162
1341 1342
882 886
6 12
836 838
774 784
1278 1281
726 730
905 908
984 985
203 225
1210 1211
742 746
265 267
1147 1159
839 840
1059 1060
276 278
335 354
274 276
819 836
1023 1025
784 789
309 313
749 753
286 287
1200 1206
446 451
917 926
617 628
983 984
643 652
764 766
1282 1292
134 142
368 404
1269 1272
1025 1027
50 54
483 487
838 839
667 675
258 265
1263 1265
313 315
848 850
525 527
59 71
594 599
1096 1127
940 944
278 280
702 716
1257 1263
1265 1269
144 145
513 520
1016 1021
527 551
989 1002
665 667
657 665
1214 1215
1140 1147
1419 1424
303 309
1092 1096
675 678
67 80
1046 1047
827 828
394 409
627 630
537 548
913 916
516 521
313 316
791 810
478 481
888 894
73 82
349 357
245 251
969 978
979 992
828 830
1404 1413
177 187
1108 1132
1243 1250
704 716
765 766
1152 1153
1427 1436
604 609
521 530
1017 1018
59 73
530 534
93 94
149 151
716 723
894 913
26 35
1213 1226
94 105
554 563
82 83
291 303
916 932
1280 1288
978 979
550 554
548 550
614 627
594 604
992 998
670 691
1400 1404
187 189
1005 1006
387 394
830 845
609 614
1436 1440
316 349
957 959
948 957
251 267
959 969
1309 1317
820 822
501 503
83 84
105 115
728 752
147 149
17 22
151 160
581 594
810 811
998 1001
570 581
1020 1026
1055 1059
357 360
1018 1020
469 478
199 201
235 240
1209 1213
360 387
22 26
752 753
852 868
53 59
1341 1347
932 935
268 271
440 447
563 568
935 938
766 781
1088 1092
35 38
761 765
1132 1152
691 703
1413 1418
447 456
271 291
1317 1333
868 888
189 199
1006 1012
1204 1209
1395 1400
424 440
160 162
1360 1361
1418 1427
1288 1295
1153 1171
1171 1200
133 136
1295 1307
267 268
410 424
1361 1395
845 852
240 243
1307 1309
1268 1280
1012 1017
1250 1267
661 670
92 93
1001 1005
568 570
1059 1088
938 948
723 728
243 245
456 458
534 536
1047 1055
1226 1232
1232 1242
308 313
503 516
1200 1204
484 501
84 92
536 537
1267 1268
162 166
53 76
220 224
691 698
248 251
674 685
328 343
1029 1032
69 71
233 245
1109 1142
546 547
1095 1106
1 2
1327 1328
217 218
106 110
1087 1094
661 665
1341 1347
854 861
606 619
1008 1027
568 578
1428 1429
201 207
224 230
551 558
1080 1085
1340 1341
740 743
218 220
956 962
962 963
880 882
489 496
659 661
1201 1209
943 947
714 715
941 943
261 269
506 507
968 977
2 21
513 516
619 622
541 543
1404 1424
88 91
76 79
1191 1199
598 606
584 594
963 968
231 233
343 345
731 740
273 274
791 800
827 830
310 311
745 747
1424 1425
1230 1231
1239 1244
24 25
259 260
623 628
812 820
497 498
507 513
665 674
397 398
934 935
293 295
500 504
882 887
91 106
256 258
535 541
496 497
698 714
1163 1167
367 384
1429 1440
578 584
872 873
1142 1147
346 348
913 932
747 749
977 984
800 804
932 934
1325 1326
1231 1239
152 165
628 635
834 840
1070 1080
116 120
559 563
398 405
1335 1336
1244 1251
1094 1095
486 488
516 517
1389 1392
654 657
30 32
405 415
415 425
295 306
715 722
207 217
830 832
44 69
563 568
743 745
1383 1389
936 941
1425 1428
474 478
901 905
726 731
870 872
845 854
110 116
832 834
29 20
673 674
791 802
1195 1238
1284 1290
736 753
938 990
665 671
462 468
239 270
105 108
613 620
436 451
887 888
658 660
1169 1195
1089 1095
1008 1026
390 393
1404 1423
498 547
620 640
660 661
398 436
835 862
1116 1133
990 1008
1040 1058
788 791
1390 1404
691 713
880 886
1338 1354
774 788
1058 1062
104 105
362 370
377 379
1262 1275
20 28
1354 1355
172 188
87 104
108 116
717 724
193 239
459 462
1062 1075
188 193
724 736
50 50
1256 1261
1437 1440
766 769
915 916
1297 1322
1394 1406
612 624
473 491
864 869
596 612
624 639
998 1003
89 90
331 333
1364 1387
1387 1394
146 156
574 589
888 889
639 645
228 244
59 60
667 676
1173 1174
1152 1173
847 863
979 983
92 93
116 125
842 847
795 804
863 864
1108 1109
934 937
1109 1152
1069 1079
912 915
1261 1262
1081 1108
456 463
277 289
765 766
1220 1234
96 108
108 116
175 182
355 368
436 445
877 880
271 277
734 765
1276 1278
552 558
652 667
937 940
426 436
1425 1432
1333 1344
1406 1425
769 795
182 194
502 524
872 877
289 310
565 567
1184 1188
1204 1216
563 564
90 92
1216 1220
194 195
804 808
1238 1256
491 502
195 228
1432 1436
310 317
1003 1022
1058 1061
940 950
679 687
142 146
1436 1437
869 872
1188 1204
333 350
969 973
1262 1271
1174 1178
52 59
1079 1081
546 552
564 565
327 331
168 175
244 250
810 842
260 270
445 453
983 998
90 66
365 373
1388 1391
668 671
671 672
1299 1305
373 376
308 318
837 844
738 750
1178 1188
161 174
1343 1350
77 79
852 861
1113 1114
377 378
481 485
912 919
528 534
332 343
582 602
131 152
231 246
400 404
877 896
943 952
291 300
208 228
1038 1048
229 231
1270 1271
1280 1281
572 575
318 332
492 493
106 119
676 681
1281 1282
575 582
412 414
1 3
1062 1079
1149 1153
1197 1208
1124 1127
772 778
279 291
1208 1229
723 738
1127 1129
343 355
1271 1280
657 668
899 910
1391 1393
1419 1420
46 67
259 261
376 377
408 412
755 757
757 759
188 192
444 481
672 676
1269 1270
300 308
37 38
1416 1419
396 400
92 96
1393 1409
28 35
759 764
74 77
228 229
14 27
1326 1343
1377 1388
355 365
440 444
712 723
27 28
1144 1147
1288 1290
1282 1288
1171 1178
602 604
750 755
385 393
1410 1416
780 787
1350 1351
417 440
1169 1171
261 270
1147 1149
130 131
393 396
79 89
68 74
1351 1356
38 42
919 942
174 183
246 259
1367 1377
638 644
788 824
958 1007
203 208
846 852
824 837
67 68
3 6
1229 1251
874 877
624 638
698 709
787 788
201 203
764 772
1141 1144
1188 1196
644 647
152 161
534 555
555 572
861 874
942 943
1079 1094
896 899
485 492
1305 1326
1433 1440
527 528
952 957
1260 1269
1430 1433
1129 1138
503 527
604 624
270 279
414 417
1356 1367
1138 1141
910 912
1251 1260
1297 1299
845 846
1094 1096
957 958
1153 1164
1290 1297
42 46
1007 1038
1 1
0 1
1439 1440
100 100
166 175
1154 1181
822 842
917 921
1258 1262
1147 1154
256 267
328 334
139 145
157 166
1361 1366
1037 1040
405 406
243 247
1287 1299
580 581
886 896
269 270
601 604
882 884
1299 1300
1124 1129
1130 1138
1412 1418
581 591
1351 1361
1338 1341
538 554
391 392
284 305
1367 1372
276 284
1385 1390
1375 1381
984 985
646 648
632 638
1221 1233
517 520
1049 1052
593 601
1041 1043
275 276
1097 1099
942 943
610 619
115 116
671 679
667 669
305 306
5 7
576 577
1372 1375
591 593
943 955
1233 1243
1191 1206
74 76
1079 1083
1398 1399
247 252
1247 1258
792 796
562 573
1319 1321
821 822
1026 1037
1341 1347
1088 1096
92 115
629 632
221 243
1262 1279
431 440
1018 1025
1332 1333
985 992
382 391
193 209
357 361
487 494
921 939
59 61
323 325
145 149
1007 1008
1008 1012
1418 1435
780 781
1284 1287
76 88
730 735
1300 1304
1181 1182
1063 1073
1206 1208
334 335
1408 1412
1243 1246
88 92
1325 1328
604 608
555 562
573 576
554 555
1040 1041
806 808
528 538
392 405
1052 1055
520 528
781 792
255 256
306 319
867 878
412 417
340 357
1219 1221
1182 1191
669 671
406 409
1096 1097
804 806
150 151
61 70
1025 1026
666 667
608 610
843 846
965 966
620 629
151 156
70 74
1017 1018
910 914
999 1007
267 269
319 322
126 139
118 126
366 367
476 480
992 999
1381 1382
1086 1088
361 366
322 323
1083 1086
428 430
679 691
1246 1247
327 328
156 157
1333 1338
457 468
424 428
1390 1398
417 421
885 886
484 487
252 253
149 150
648 649
914 915
335 337
370 382
337 338
1399 1408
480 484
716 730
1347 1351
902 910
577 580
468 476
430 431
842 843
884 885
1099 1121
1012 1017
711 716
796 804
175 193
915 917
1129 1130
214 221
815 821
338 340
1321 1323
939 942
3 5
847 867
649 666
253 255
846 847
735 779
1279 1284
966 979
409 412
1055 1063
440 447
90 91
7 23
374 377
1256 1261
278 280
1312 1314
105 106
703 705
96 98
512 524
922 926
85 86
747 749
164 165
101 103
1335 1340
732 737
110 111
662 663
122 126
1262 1270
644 645
510 511
215 228
478 479
981 988
489 491
1321 1326
926 927
957 958
730 732
591 593
439 445
1421 1426
1392 1397
844 850
1290 1293
698 699
776 777
1075 1077
291 293
32 33
104 105
118 122
850 853
1436 1439
806 815
260 268
137 139
965 968
995 1003
491 495
530 536
766 772
595 607
672 674
4 7
426 429
829 835
1016 1017
228 230
787 790
1217 1219
815 816
1261 1262
371 373
290 291
593 594
1298 1300
495 496
1391 1392
1219 1233
338 341
299 300
1078 1079
369 371
103 104
878 882
1003 1007
1326 1330
1199 1200
1373 1374
695 698
401 409
324 325
276 278
23 32
1047 1054
33 35
89 92
607 616
1380 1384
1168 1169
1332 1333
251 252
582 584
1397 1398
252 260
409 424
1417 1420
645 648
1384 1387
479 489
1161 1168
910 914
467 470
44 56
208 211
1195 1196
938 945
1188 1195
36 41
1106 1112
721 722
740 747
211 212
1340 1343
298 299
884 885
713 714
817 820
106 107
113 117
1149 1155
1208 1215
1319 1320
326 332
1056 1058
569 571
1157 1161
1077 1078
1023 1030
1420 1421
398 401
635 637
367 369
204 208
1274 1277
42 43
1105 1106
772 776
79 85
139 143
1300 1302
342 348
690 695
1439 1440
1314 1319
1170 1183
717 721
317 324
94 96
752 762
135 137
1055 1056
43 44
790 794
355 358
876 878
165 171
445 451
654 662
1330 1332
429 432
642 644
35 36
274 276
536 538
897 907
1303 1312
1293 1294
268 274
587 591
1183 1184
715 717
560 562
1283 1290
1272 1274
868 876
1334 1335
992 995
891 897
58 65
1314 1318
1056 1057
931 953
1289 1291
1190 1193
295 309
292 295
309 315
315 322
74 82
438 440
853 871
1355 1359
53 58
169 170
530 533
166 168
1360 1364
445 447
1012 1030
130 138
537 545
703 712
364 367
1410 1414
138 154
400 403
210 214
1308 1314
888 899
114 116
794 812
509 527
273 278
265 266
1401 1403
691 699
506 508
322 323
8 21
189 197
1284 1289
1161 1169
1273 1284
744 754
29 49
1212 1219
1320 1332
475 477
1403 1410
471 475
1368 1389
649 660
436 438
1043 1054
403 410
1297 1300
197 203
450 461
995 998
1121 1161
998 1005
782 794
1234 1249
179 187
726 733
1005 1012
641 643
1435 1440
1349 1355
3 8
477 478
660 661
1416 1427
813 824
977 995
830 832
1066 1069
342 357
58 65
637 638
52 53
1201 1207
596 614
170 173
222 231
1300 1308
871 881
760 767
422 433
1319 1320
666 669
1291 1297
98 105
899 901
1107 1108
325 326
1069 1085
433 436
271 273
901 922
661 663
1359 1360
1364 1368
168 169
21 24
922 931
768 769
393 394
1207 1212
1180 1184
566 583
447 450
203 210
410 417
812 813
215 222
835 853
1219 1221
767 768
266 271
470 471
244 258
48 69
304 307
450 453
1409 1429
1432 1440
362 368
243 245
1300 1309
759 762
714 716
1352 1355
314 316
351 352
841 843
748 751
587 603
258 260
762 770
1192 1193
74 75
563 564
999 1012
564 567
1030 1031
453 455
400 403
54 72
511 516
1229 1231
1135 1141
360 362
393 400
43 46
307 309
610 611
388 393
580 587
1295 1296
376 378
1390 1409
1080 1085
1079 1080
1346 1347
188 190
967 968
603 610
210 212
722 737
1325 1336
523 524
78 85
343 346
673 677
1183 1187
385 388
206 207
455 466
354 360
525 533
619 623
861 868
422 426
122 126
1020 1022
350 351
808 815
27 33
850 857
800 801
753 757
1147 1152
242 243
107 112
826 827
1199 1215
787 789
196 197
327 336
502 508
403 410
285 292
1105 1109
253 258
1281 1290
516 523
116 120
993 997
240 242
684 688
1245 1246
775 780
207 210
91 96
266 270
657 670
1215 1216
177 188
868 870
442 446
932 938
316 325
670 673
1102 1105
510 511
870 886
1299 1300
1382 1383
1057 1060
1036 1039
799 800
757 759
1109 1120
217 233
1012 1020
1023 1024
446 450
1085 1091
205 206
27 11
1438 1440
447 455
1227 1244
1109 1116
1015 1021
669 672
1175 1183
28 29
314 325
767 768
841 848
1304 1310
1116 1117
279 280
904 919
684 689
295 307
109 113
848 852
595 606
1025 1031
693 699
1325 1330
1154 1155
37 62
1160 1175
79 82
7 20
1079 1091
138 153
255 262
1315 1317
1324 1325
798 807
768 790
349 352
1208 1222
751 767
