100
1 1
540 600
840 900
2 0
900 1260
180 540
1 1
1439 1440
0 1
2 0
1349 1440
1321 1349
0 2
586 789
1187 1440
0 2
994 1232
414 625
1 0
1209 1440
0 2
767 788
1334 1360
0 2
1079 1318
1318 1440
2 0
1060 1171
1171 1440
0 2
1348 1440
1132 1348
0 2
540 900
180 540
0 1
966 1153
0 2
1049 1208
1208 1431
0 2
1425 1440
774 1125
0 2
1013 1440
999 1013
2 0
1271 1366
544 744
0 2
146 214
473 759
0 2
401 473
1225 1440
2 0
1225 1335
1335 1440
1 1
1070 1440
872 1026
2 0
299 625
136 299
2 0
583 1240
202 249
0 2
1007 1369
1369 1440
0 1
1237 1440
0 2
10 360
1080 1440
2 0
406 516
516 565
1 0
649 1211
0 2
1361 1440
369 862
0 2
223 235
1410 1440
1 1
1200 1242
1242 1440
0 2
1116 1440
171 369
2 0
840 867
867 1440
2 0
1147 1237
962 1147
2 0
57 182
182 449
2 0
1232 1281
1158 1232
0 1
782 1233
2 0
1360 1385
145 397
1 1
56 137
34 56
0 2
236 411
758 874
1 1
786 898
767 780
0 1
330 381
0 1
932 1413
0 2
964 1304
1304 1440
0 2
730 887
887 1440
0 1
900 1440
2 0
905 1021
337 527
2 0
0 360
1080 1430
1 1
879 1192
1192 1440
0 2
1367 1440
1005 1367
2 0
1433 1440
75 285
0 2
0 360
1080 1440
1 1
714 736
341 714
0 1
1038 1095
0 2
989 1074
1074 1440
2 0
1319 1440
1245 1319
2 0
1318 1440
6 37
1 1
995 1317
1317 1440
2 0
10 360
1079 1429
0 2
1225 1440
706 800
2 0
173 278
989 1440
1 1
1309 1440
1096 1309
0 2
1091 1109
1109 1171
0 2
1080 1440
11 361
0 2
1323 1440
924 1323
0 2
806 850
1132 1440
0 1
20 55
0 2
1056 1440
639 960
0 2
1439 1440
0 1
2 0
1439 1440
0 1
0 2
1325 1440
1166 1325
1 1
398 580
965 1103
1 0
190 890
2 0
1386 1440
200 581
0 2
618 908
908 1201
0 2
179 539
540 900
0 2
715 1012
1370 1440
0 2
1035 1336
1336 1440
0 2
1048 1158
447 953
2 0
11 361
1080 1430
0 2
794 1187
1187 1193
0 2
1216 1440
528 604
0 2
724 902
377 724
0 1
833 1028
1 1
979 1166
1166 1440
0 2
82 314
1127 1440
2 0
938 1440
721 938
2 0
0 360
1079 1429
1 1
0 1
1439 1440
0 1
1072 1440
0 1
1183 1440
2 0
10 360
1080 1430
1 1
18 504
504 815
2 0
661 717
327 661
0 1
1322 1440
2 0
968 1067
1067 1176
0 2
766 784
784 1011
0 2
690 698
13 690
0 2
541 901
180 540
2 0
411 427
427 633
