100
4 4
1.4000
0.5000 0.7000 0.8000 0.6000
2 2
1.0000
0.0000 0.0000
2 2
0.0000
0.9000 0.8000
2 2
0.1000
0.4000 0.5000
47 47
15.4469
0.4529 0.2534 0.8262 0.3909 0.4575 0.7160 0.5375 0.7409 0.7268 0.4486 0.0849 0.9475 0.7872 0.4438 0.5403 0.1245 0.4138 0.5234 0.6186 0.5652 0.5485 0.7036 0.7420 0.8656 0.7136 0.1621 0.8311 0.1302 0.1516 0.2793 0.4300 0.6958 0.7795 0.3714 0.6245 0.0094 0.2981 0.5536 0.8654 0.6439 0.8876 0.2887 0.5424 0.8501 0.2062 0.8648 0.9062
46 46
16.9189
0.2951 0.1449 0.4079 0.6187 0.1460 0.7696 0.3061 0.6963 0.3263 0.5566 0.6844 0.0398 0.9501 0.2521 0.8638 0.4939 0.4278 0.5435 0.8633 0.3387 0.9132 0.9542 0.0131 0.9383 0.7447 0.5704 0.4906 0.7133 0.9813 0.3817 0.8596 0.7460 0.1920 0.6205 0.0798 0.9688 0.2451 0.0570 0.6013 0.3985 0.2847 0.0498 0.5686 0.5944 0.8244 0.3608
46 46
15.5637
0.8289 0.3537 0.5309 0.3303 0.8614 0.3884 0.2197 0.8680 0.0780 0.6593 0.9482 0.5952 0.6430 0.6589 0.6885 0.7993 0.7937 0.1299 0.6711 0.9692 0.6174 0.4832 0.4110 0.2617 0.0184 0.5414 0.4524 0.7903 0.3976 0.7015 0.4553 0.2513 0.3505 0.6192 0.9365 0.6196 0.6715 0.6110 0.6676 0.9827 0.1500 0.7554 0.2525 0.1596 0.7961 0.0711
48 48
15.8949
0.0580 0.9649 0.9642 0.0626 0.2278 0.6568 0.1069 0.9073 0.9820 0.2193 0.9761 0.1681 0.4556 0.3750 0.9603 0.6375 0.8178 0.5807 0.9119 0.5696 0.8116 0.0965 0.1079 0.8808 0.2432 0.8436 0.4766 0.0016 0.2431 0.6838 0.8059 0.2296 0.2339 0.6370 0.1431 0.1541 0.6287 0.4186 0.1856 0.3591 0.9750 0.3422 0.7267 0.8832 0.5841 0.9047 0.1603 0.2416
50 50
28.6096
0.4647 0.0069 0.4274 0.2388 0.0353 0.2697 0.3929 0.2847 0.5637 0.6176 0.0517 0.4749 0.0305 0.5050 0.7019 0.0399 0.8383 0.2696 0.7644 0.8524 0.1698 0.6588 0.8635 0.2998 0.0947 0.6093 0.6342 0.3865 0.4387 0.2959 0.0118 0.3925 0.1135 0.0625 0.2998 0.9485 0.1756 0.4765 0.8396 0.8968 0.9862 0.1082 0.3059 0.2909 0.1955 0.4401 0.3034 0.0670 0.3963 0.2176
2 2
0.3333
0.0000 0.0000
47 47
20.0626
0.7920 0.3982 0.6862 0.2787 0.2418 0.1345 0.7706 0.1248 0.9949 0.1293 0.6685 0.1760 0.6283 0.9603 0.6548 0.3492 0.1710 0.4478 0.3703 0.5385 0.2361 0.6278 0.0485 0.5971 0.2693 0.2811 0.6230 0.0429 0.6718 0.3183 0.8610 0.2203 0.6775 0.2127 0.6620 0.7012 0.3598 0.5345 0.3551 0.3927 0.2202 0.0268 0.1469 0.8078 0.8333 0.6850 0.3114
50 50
50.0000
0.0000 0.0000 0.0000 0.0000 0.0000 0.0000 0.0000 0.0000 0.0000 0.0000 0.0000 0.0000 0.0000 0.0000 0.0000 0.0000 0.0000 0.0000 0.0000 0.0000 0.0000 0.0000 0.0000 0.0000 0.0000 0.0000 0.0000 0.0000 0.0000 0.0000 0.0000 0.0000 0.0000 0.0000 0.0000 0.0000 0.0000 0.0000 0.0000 0.0000 0.0000 0.0000 0.0000 0.0000 0.0000 0.0000 0.0000 0.0000 0.0000 0.0000
50 50
18.4546
0.6107 0.9228 0.4737 0.8899 0.1657 0.0586 0.2257 0.9042 0.1618 0.1771 0.9559 0.0005 0.1788 0.7567 0.4021 0.3462 0.1720 0.2005 0.8973 0.2903 0.5822 0.5718 0.7901 0.5317 0.0061 0.8057 0.9531 0.4300 0.7440 0.5133 0.6588 0.9092 0.8204 0.7378 0.0052 0.0484 0.5468 0.9409 0.7684 0.3528 0.1670 0.6447 0.4508 0.2469 0.1505 0.5818 0.6669 0.5779 0.7355 0.5942
1 1
0.3333
0.5000
50 50
17.7505
0.6720 0.5677 0.5023 0.1851 0.8312 0.0201 0.6269 0.7751 0.1969 0.3289 0.9563 0.3780 0.6527 0.1608 0.3091 0.1019 0.9090 0.6868 0.2075 0.4750 0.4464 0.3049 0.3479 0.6524 0.0368 0.9169 0.4235 0.9597 0.3502 0.1532 0.1837 0.7715 0.7241 0.9592 0.0985 0.5701 0.3927 0.8755 0.8205 0.9777 0.4854 0.8267 0.4951 0.6872 0.4515 0.8085 0.1665 0.7935 0.6992 0.0983
45 45
18.3562
0.8337 0.1105 0.6003 0.0436 0.5637 0.6873 0.1558 0.5692 0.7666 0.1395 0.3175 0.3181 0.9020 0.3736 0.5131 0.0804 0.8698 0.9828 0.1934 0.2020 0.7355 0.8792 0.9777 0.4028 0.5910 0.5049 0.2613 0.9886 0.5039 0.6492 0.4574 0.5356 0.2926 0.6077 0.0047 0.0124 0.4748 0.4655 0.0767 0.9704 0.2430 0.8040 0.4002 0.8184 0.0030
48 48
26.7500
0.0995 0.7822 0.1182 0.5893 0.3581 0.3257 0.7429 0.5744 0.9496 0.0981 0.8853 0.2353 0.0012 0.4900 0.5848 0.2836 0.0174 0.6895 0.3788 0.8559 0.0058 0.6743 0.0677 0.5833 0.2638 0.5271 0.8521 0.3367 0.8568 0.3583 0.8727 0.1285 0.7055 0.5254 0.0032 0.1282 0.1305 0.5870 0.1258 0.2529 0.3619 0.4742 0.0783 0.2698 0.1698 0.9690 0.6506 0.2237
2 2
0.5000
0.5000 0.5000
48 48
17.8011
0.0503 0.7256 0.0789 0.9997 0.7429 0.1914 0.8146 0.2384 0.5994 0.4544 0.4799 0.8783 0.6607 0.2768 0.9233 0.2464 0.3228 0.9968 0.3144 0.2473 0.2235 0.5445 0.8978 0.3780 0.4626 0.7922 0.5223 0.9455 0.7331 0.5903 0.8663 0.7735 0.7567 0.3530 0.5140 0.1841 0.2707 0.9443 0.2160 0.2509 0.9080 0.8084 0.5382 0.0723 0.2116 0.8577 0.8052 0.3522
50 50
17.5319
0.5066 0.7140 0.4674 0.2897 0.6942 0.8263 0.8987 0.5769 0.9401 0.9306 0.7887 0.6289 0.6760 0.8143 0.2836 0.4006 0.6412 0.3851 0.2201 0.2008 0.7011 0.7192 0.6629 0.5544 0.8476 0.7326 0.6564 0.7827 0.9623 0.8431 0.7215 0.3348 0.4467 0.8729 0.9798 0.9151 0.6949 0.7790 0.4245 0.4865 0.4564 0.0201 0.9499 0.6666 0.9045 0.9948 0.9333 0.5775 0.8380 0.0389
47 47
16.0782
0.6675 0.7247 0.2060 0.7862 0.3713 0.2202 0.0320 0.6761 0.3909 0.6329 0.4015 0.1764 0.1058 0.7086 0.8073 0.4583 0.7088 0.0971 0.2354 0.1118 0.1108 0.2198 0.5737 0.1882 0.3479 0.8879 0.8871 0.4341 0.2227 0.6003 0.9678 0.6170 0.8163 0.8387 0.5471 0.4949 0.4679 0.8286 0.9285 0.0770 0.2273 0.9458 0.3455 0.1986 0.7465 0.9610 0.3261
1 1
0.0000
1.0000
50 50
0.6901
0.3158 0.2108 0.6598 0.2665 0.8091 0.2791 0.7205 0.2683 0.9926 0.1842 0.2187 0.8764 0.0932 0.5983 0.2443 0.9641 0.8928 0.6915 0.5160 0.5154 0.8871 0.1546 0.1761 0.7744 0.9318 0.0539 0.0507 0.7742 0.6759 0.8265 0.6196 0.1090 0.3303 0.7255 0.0770 0.5109 0.2215 0.0863 0.3483 0.3512 0.0857 0.9438 0.7287 0.3724 0.3337 0.1224 0.8733 0.6986 0.7417 0.7951
47 47
15.7977
0.6229 0.0654 0.4796 0.5249 0.8518 0.2497 0.8480 0.6483 0.0812 0.8733 0.0186 0.2079 0.5089 0.0059 0.0155 0.0767 0.8140 0.2483 0.1699 0.3675 0.0838 0.5821 0.9936 0.1908 0.8688 0.4807 0.5802 0.3905 0.4051 0.8767 0.8885 0.9825 0.5067 0.4125 0.9007 0.5954 0.6580 0.8365 0.3979 0.4192 0.6321 0.9375 0.7508 0.7597 0.9397 0.0069 0.0097
49 49
20.9410
0.6660 0.9622 0.0696 0.5241 0.6847 0.2348 0.7387 0.0794 0.2558 0.6313 0.5730 0.2783 0.9725 0.1353 0.4868 0.4595 0.5065 0.9984 0.4133 0.3137 0.0317 0.0244 0.4902 0.4886 0.2461 0.7108 0.9600 0.8823 0.2294 0.9721 0.0789 0.1979 0.1045 0.3828 0.2959 0.0651 0.8020 0.3294 0.0633 0.6699 0.5341 0.8202 0.6347 0.7091 0.0314 0.2259 0.1376 0.0503 0.5825
50 50
0.0000
0.8700 0.8700 0.8700 0.8700 0.8700 0.8700 0.8700 0.8700 0.8700 0.8700 0.8700 0.8700 0.8700 0.8700 0.8700 0.8700 0.8700 0.8700 0.8700 0.8700 0.8700 0.8700 0.8700 0.8700 0.8700 0.8700 0.8700 0.8700 0.8700 0.8700 0.8700 0.8700 0.8700 0.8700 0.8700 0.8700 0.8700 0.8700 0.8700 0.8700 0.8700 0.8700 0.8700 0.8700 0.8700 0.8700 0.8700 0.8700 0.8700 0.8700
48 48
15.5872
0.6855 0.6892 0.2421 0.9273 0.2239 0.1165 0.3321 0.0349 0.2747 0.2364 0.3284 0.1787 0.5901 0.8250 0.7935 0.3576 0.4449 0.2523 0.6777 0.5260 0.9380 0.0862 0.2689 0.8728 0.1865 0.6658 0.6667 0.9838 0.1823 0.4546 0.3412 0.5797 0.7997 0.8935 0.8800 0.4522 0.4399 0.9206 0.9747 0.7655 0.8688 0.4612 0.9246 0.5831 0.5582 0.7424 0.7000 0.8089
50 50
15.5479
0.3733 0.4396 0.1828 0.5680 0.9873 0.7921 0.7028 0.5811 0.3056 0.0269 0.6135 0.1618 0.8973 0.7032 0.3918 0.9219 0.7006 0.9643 0.2658 0.2855 0.2264 0.4254 0.1358 0.4746 0.3667 0.7960 0.4016 0.3012 0.6746 0.3305 0.8683 0.8738 0.8089 0.4443 0.8269 0.9538 0.9736 0.3269 0.6007 0.6562 0.6364 0.9787 0.3071 0.3718 0.6134 0.4533 0.5481 0.1394 0.3078 0.0097
45 45
21.8349
0.4813 0.2061 0.8585 0.9933 0.9919 0.9485 0.1065 0.2175 0.5078 0.1590 0.3025 0.1243 0.4970 0.4845 0.5917 0.7946 0.7986 0.5377 0.9915 0.7256 0.4664 0.2833 0.2129 0.3826 0.0491 0.1686 0.1712 0.3884 0.2401 0.3516 0.1778 0.7431 0.6888 0.3073 0.7893 0.2867 0.8034 0.1517 0.5160 0.0068 0.2478 0.4596 0.8671 0.2006 0.5968
50 50
18.2831
0.1580 0.8134 0.3573 0.7368 0.7464 0.9511 0.7574 0.9788 0.1811 0.8746 0.2778 0.9745 0.7861 0.8814 0.4257 0.6489 0.2340 0.1830 0.9356 0.4833 0.8236 0.9336 0.6208 0.3672 0.7335 0.1687 0.3708 0.5666 0.3022 0.4398 0.0883 0.2852 0.7549 0.1377 0.9489 0.3337 0.4496 0.0426 0.3202 0.6083 0.0276 0.0826 0.3997 0.9889 0.1155 0.9612 0.2815 0.5999 0.7236 0.1767
49 49
19.9233
0.1246 0.4689 0.6932 0.5694 0.4948 0.8702 0.3997 0.3068 0.5671 0.3430 0.2159 0.6447 0.8024 0.9254 0.9764 0.7178 0.3649 0.9900 0.7575 0.4916 0.7984 0.4851 0.2552 0.2861 0.9304 0.3894 0.2626 0.7680 0.0448 0.0825 0.6319 0.7490 0.0982 0.3953 0.2887 0.1375 0.9996 0.5722 0.0717 0.6837 0.9130 0.6932 0.4285 0.1657 0.1880 0.2595 0.7938 0.3694 0.9719
48 48
18.8309
0.7276 0.8476 0.2441 0.7727 0.4326 0.7041 0.9045 0.5209 0.8400 0.5453 0.0237 0.0299 0.6015 0.4909 0.0002 0.2798 0.7616 0.9379 0.7017 0.1610 0.7916 0.1196 0.7575 0.8345 0.7776 0.2152 0.6305 0.2433 0.7890 0.3472 0.9492 0.5524 0.5531 0.2211 0.2119 0.4344 0.2391 0.8306 0.1259 0.1470 0.2777 0.8223 0.3879 0.9086 0.2930 0.4429 0.8691 0.3032
48 48
22.3544
0.6463 0.2529 0.7727 0.8254 0.7500 0.4910 0.0779 0.1744 0.8589 0.1769 0.6235 0.7839 0.1721 0.7709 0.7739 0.1368 0.6244 0.3389 0.5121 0.3117 0.0600 0.2934 0.2945 0.1504 0.4545 0.8432 0.1745 0.9597 0.8005 0.0143 0.2171 0.3338 0.5492 0.1672 0.1047 0.7296 0.8037 0.0032 0.2172 0.0402 0.1715 0.7120 0.7037 0.9843 0.9187 0.0011 0.4894 0.9088
50 50
17.4594
0.6145 0.5841 0.7244 0.0712 0.8313 0.7440 0.5739 0.2021 0.6417 0.7424 0.3541 0.2962 0.3392 0.8810 0.3699 0.2874 0.3815 0.6656 0.7604 0.9462 0.6585 0.0026 0.4305 0.3703 0.8585 0.1947 0.2261 0.0899 0.1023 0.3711 0.7358 0.4681 0.1710 0.8559 0.7373 0.8167 0.8776 0.6881 0.6509 0.9762 0.6482 0.2783 0.6661 0.0067 0.9970 0.0649 0.2161 0.1721 0.5657 0.6041
46 46
17.5526
0.5657 0.8322 0.1378 0.9632 0.8965 0.9593 0.0504 0.4376 0.0387 0.1233 0.3750 0.2397 0.7856 0.0814 0.3271 0.7096 0.8266 0.5641 0.9333 0.9315 0.7651 0.0370 0.1290 0.1603 0.0087 0.2413 0.4280 0.2343 0.3253 0.4946 0.4992 0.4576 0.0283 0.6044 0.3116 0.4385 0.3916 0.0909 0.1738 0.7821 0.5049 0.3991 0.9377 0.8274 0.0900 0.1927
47 47
16.2822
0.8968 0.6652 0.9784 0.7287 0.8261 0.4657 0.0744 0.7503 0.3967 0.1606 0.4280 0.1546 0.6505 0.3930 0.8478 0.2299 0.9379 0.8761 0.6209 0.3542 0.8341 0.2547 0.2521 0.7114 0.6285 0.5544 0.3292 0.2962 0.6885 0.8006 0.6784 0.1797 0.2579 0.0797 0.0093 0.3246 0.9810 0.4963 0.0886 0.5008 0.4431 0.6788 0.5663 0.5341 0.1821 0.3161 0.0916
50 50
21.2979
0.2361 0.3573 0.5253 0.0890 0.1371 0.5482 0.8196 0.8071 0.9867 0.7864 0.6114 0.7402 0.0390 0.5773 0.7578 0.4468 0.2883 0.3997 0.1804 0.4860 0.1058 0.6253 0.2854 0.6631 0.7843 0.1415 0.4024 0.9773 0.5922 0.0934 0.7216 0.3173 0.5749 0.1198 0.5402 0.2539 0.2820 0.4225 0.2221 0.7614 0.6168 0.7273 0.8136 0.4488 0.1872 0.2941 0.9063 0.2968 0.0421 0.6947
50 50
0.0000
0.3333 0.3333 0.3333 0.3333 0.3333 0.3333 0.3333 0.3333 0.3333 0.3333 0.3333 0.3333 0.3333 0.3333 0.3333 0.3333 0.3333 0.3333 0.3333 0.3333 0.3333 0.3333 0.3333 0.3333 0.3333 0.3333 0.3333 0.3333 0.3333 0.3333 0.3333 0.3333 0.3333 0.3333 0.3333 0.3333 0.3333 0.3333 0.3333 0.3333 0.3333 0.3333 0.3333 0.3333 0.3333 0.3333 0.3333 0.3333 0.3333 0.3333
47 47
0.5837
0.8283 0.9160 0.6248 0.3602 0.4740 0.1291 0.4186 0.1457 0.6696 0.0082 0.5646 0.8738 0.5603 0.8463 0.7999 0.1213 0.7970 0.7741 0.5026 0.2637 0.7619 0.2916 0.3950 0.4096 0.0304 0.3793 0.3154 0.6586 0.6048 0.5064 0.5373 0.6131 0.2976 0.5956 0.3682 0.8177 0.2756 0.7012 0.8207 0.7167 0.8867 0.4499 0.9137 0.8003 0.0343 0.9918 0.7335
48 48
18.4279
0.5933 0.7525 0.6090 0.5656 0.6307 0.9490 0.1454 0.4908 0.2151 0.8820 0.6130 0.7954 0.0866 0.3208 0.1511 0.7714 0.1934 0.3903 0.8391 0.2306 0.2204 0.1057 0.4619 0.4910 0.7011 0.0283 0.9865 0.4294 0.3631 0.3094 0.1063 0.4076 0.1596 0.9451 0.5332 0.3517 0.5805 0.7286 0.1429 0.7577 0.0015 0.7776 0.8920 0.7567 0.4853 0.4712 0.6275 0.8114
45 45
22.9632
0.8973 0.5795 0.1860 0.6357 0.0424 0.4927 0.6933 0.6903 0.3507 0.7672 0.2054 0.4576 0.7949 0.1069 0.5052 0.8318 0.8367 0.4497 0.5899 0.2206 0.5948 0.8958 0.1314 0.3792 0.6480 0.1058 0.1227 0.4627 0.4007 0.7556 0.9171 0.4085 0.6917 0.6414 0.7244 0.4976 0.0642 0.1811 0.6262 0.0104 0.3974 0.9952 0.4651 0.0722 0.1396
1 1
0.5000
0.5000
47 47
2.2784
0.0239 0.8156 0.2346 0.8840 0.8193 0.7586 0.8489 0.6587 0.5550 0.8419 0.6483 0.1005 0.3204 0.9963 0.4923 0.7958 0.9460 0.1539 0.8278 0.2816 0.4354 0.7939 0.1028 0.6852 0.1259 0.1664 0.1427 0.1637 0.5519 0.0708 0.1305 0.6641 0.1902 0.9042 0.1277 0.1370 0.9917 0.3364 0.3553 0.7511 0.9056 0.4495 0.3084 0.6562 0.9770 0.6506 0.3635
46 46
15.0700
0.6944 0.9835 0.1932 0.7587 0.9633 0.9992 0.0053 0.3064 0.5565 0.8744 0.5916 0.5669 0.0042 0.9885 0.4348 0.1108 0.9429 0.6632 0.9272 0.8670 0.8157 0.9280 0.4285 0.7300 0.4298 0.5489 0.6965 0.0372 0.8394 0.9801 0.7536 0.5060 0.9487 0.6623 0.8382 0.1310 0.1027 0.5522 0.9873 0.9273 0.9220 0.5711 0.8280 0.4982 0.7593 0.7467
50 50
15.3767
0.9765 0.3053 0.4205 0.4527 0.6630 0.6292 0.4627 0.7821 0.8431 0.6142 0.6796 0.9812 0.4767 0.6870 0.3614 0.6483 0.3284 0.6044 0.8570 0.4508 0.7884 0.0625 0.9035 0.4663 0.1730 0.7710 0.8381 0.3512 0.8102 0.0917 0.5664 0.9784 0.9422 0.6640 0.6306 0.4139 0.6167 0.1699 0.0376 0.0976 0.9817 0.4711 0.1650 0.5887 0.6358 0.3047 0.9539 0.7591 0.1537 0.0860
46 46
15.3878
0.9682 0.0703 0.4657 0.9656 0.0092 0.4810 0.4172 0.3089 0.2000 0.6607 0.6584 0.8989 0.0678 0.6738 0.3148 0.6377 0.0485 0.4985 0.7056 0.3266 0.3056 0.0241 0.8692 0.9108 0.9603 0.2663 0.0691 0.5488 0.3279 0.1366 0.3231 0.6025 0.6444 0.6675 0.3430 0.8727 0.6173 0.9755 0.9434 0.7454 0.6018 0.6168 0.7531 0.1892 0.8305 0.0964
50 50
0.0050
0.9999 0.9999 0.9999 0.9999 0.9999 0.9999 0.9999 0.9999 0.9999 0.9999 0.9999 0.9999 0.9999 0.9999 0.9999 0.9999 0.9999 0.9999 0.9999 0.9999 0.9999 0.9999 0.9999 0.9999 0.9999 0.9999 0.9999 0.9999 0.9999 0.9999 0.9999 0.9999 0.9999 0.9999 0.9999 0.9999 0.9999 0.9999 0.9999 0.9999 0.9999 0.9999 0.9999 0.9999 0.9999 0.9999 0.9999 0.9999 0.9999 0.9999
50 50
33.3350
0.3333 0.3333 0.3333 0.3333 0.3333 0.3333 0.3333 0.3333 0.3333 0.3333 0.3333 0.3333 0.3333 0.3333 0.3333 0.3333 0.3333 0.3333 0.3333 0.3333 0.3333 0.3333 0.3333 0.3333 0.3333 0.3333 0.3333 0.3333 0.3333 0.3333 0.3333 0.3333 0.3333 0.3333 0.3333 0.3333 0.3333 0.3333 0.3333 0.3333 0.3333 0.3333 0.3333 0.3333 0.3333 0.3333 0.3333 0.3333 0.3333 0.3333
45 45
15.6518
0.4643 0.5544 0.5581 0.4619 0.3755 0.7243 0.5778 0.1239 0.2353 0.6283 0.9574 0.5208 0.7950 0.3403 0.5500 0.5514 0.7393 0.4370 0.9008 0.3799 0.5735 0.4619 0.4585 0.1734 0.3090 0.7283 0.7706 0.2297 0.6567 0.7419 0.6817 0.2151 0.5659 0.5988 0.9146 0.1813 0.3373 0.0192 0.0284 0.2232 0.9238 0.1094 0.6542 0.0248 0.4616
45 45
16.5507
0.9055 0.4917 0.4836 0.7746 0.6081 0.3788 0.1334 0.7177 0.2819 0.8533 0.6348 0.8530 0.3014 0.9451 0.6770 0.2510 0.6513 0.7971 0.1395 0.7569 0.9932 0.2389 0.4729 0.7113 0.3410 0.7553 0.5705 0.0521 0.1864 0.9154 0.5356 0.8504 0.4813 0.7004 0.8318 0.7201 0.7246 0.9119 0.5972 0.5509 0.4922 0.0558 0.7424 0.9977 0.5091
45 45
21.6458
0.3910 0.9502 0.6559 0.0775 0.1939 0.7457 0.1928 0.5872 0.2195 0.1924 0.1470 0.3199 0.0981 0.9345 0.6033 0.2314 0.4758 0.0181 0.2473 0.8869 0.1144 0.9200 0.7399 0.1521 0.5041 0.7587 0.3847 0.0015 0.7571 0.7302 0.7958 0.8177 0.1660 0.7760 0.3320 0.1419 0.2405 0.1424 0.2332 0.3165 0.4981 0.1121 0.6974 0.6720 0.1054
48 48
20.1089
0.1676 0.6366 0.3603 0.0859 0.9984 0.6323 0.9375 0.6878 0.6703 0.1671 0.2515 0.9182 0.8545 0.6900 0.8700 0.9588 0.0028 0.6667 0.3143 0.0111 0.7257 0.9450 0.0404 0.2350 0.9376 0.0405 0.5032 0.2119 0.4862 0.3925 0.1493 0.5319 0.6816 0.7093 0.5893 0.9523 0.8468 0.5912 0.8654 0.0753 0.7401 0.2234 0.0725 0.8881 0.3871 0.4317 0.8915 0.3624
4 4
0.0001
0.0000 0.0000 0.0000 0.0000
48 48
19.4537
0.2090 0.5010 0.7161 0.9883 0.4156 0.5806 0.9489 0.7919 0.6650 0.6847 0.0873 0.9065 0.8301 0.0460 0.6454 0.7096 0.4775 0.3219 0.1934 0.7895 0.5580 0.4154 0.0347 0.6321 0.9149 0.3866 0.0526 0.3520 0.0697 0.2095 0.4138 0.0491 0.5447 0.9153 0.5611 0.6028 0.1712 0.1553 0.5406 0.7752 0.6427 0.6661 0.7243 0.2396 0.8397 0.7467 0.7870 0.0618
47 47
17.3973
0.7261 0.6404 0.7586 0.1999 0.3198 0.0472 0.1198 0.4054 0.9971 0.6804 0.4800 0.1645 0.2938 0.9077 0.3218 0.6050 0.4803 0.9032 0.5391 0.3532 0.4227 0.6914 0.3863 0.7781 0.4799 0.0149 0.2133 0.4694 0.3847 0.0055 0.1739 0.0651 0.1097 0.8396 0.6318 0.8577 0.3608 0.9742 0.8455 0.7214 0.8413 0.1387 0.4117 0.6176 0.3763 0.6701 0.7684
49 49
2.2603
0.7481 0.7694 0.8354 0.4581 0.7932 0.5095 0.5337 0.7001 0.4379 0.5165 0.9229 0.2831 0.4606 0.6942 0.6047 0.8691 0.4856 0.4266 0.6857 0.1679 0.2869 0.6873 0.2368 0.7213 0.7809 0.5509 0.2235 0.8378 0.8491 0.1160 0.7444 0.0739 0.6125 0.7961 0.2062 0.3106 0.1329 0.0706 0.7064 0.3850 0.0852 0.8561 0.5347 0.4795 0.5154 0.2017 0.1762 0.5352 0.3545
50 50
0.0000
0.0000 0.0000 0.0000 0.0000 0.0000 0.0000 0.0000 0.0000 0.0000 0.0000 0.0000 0.0000 0.0000 0.0000 0.0000 0.0000 0.0000 0.0000 0.0000 0.0000 0.0000 0.0000 0.0000 0.0000 0.0000 0.0000 0.0000 0.0000 0.0000 0.0000 0.0000 0.0000 0.0000 0.0000 0.0000 0.0000 0.0000 0.0000 0.0000 0.0000 0.0000 0.0000 0.0000 0.0000 0.0000 0.0000 0.0000 0.0000 0.0000 0.0000
50 50
0.0000
0.8765 0.8765 0.8765 0.8765 0.8765 0.8765 0.8765 0.8765 0.8765 0.8765 0.8765 0.8765 0.8765 0.8765 0.8765 0.8765 0.8765 0.8765 0.8765 0.8765 0.8765 0.8765 0.8765 0.8765 0.8765 0.8765 0.8765 0.8765 0.8765 0.8765 0.8765 0.8765 0.8765 0.8765 0.8765 0.8765 0.8765 0.8765 0.8765 0.8765 0.8765 0.8765 0.8765 0.8765 0.8765 0.8765 0.8765 0.8765 0.8765 0.8765
1 1
1.0000
0.0000
2 2
0.0000
1.0000 1.0000
45 45
17.0473
0.8232 0.8088 0.5125 0.6765 0.5140 0.9858 0.4550 0.6221 0.3573 0.7106 0.0549 0.7385 0.3337 0.3291 0.3544 0.7703 0.2804 0.5991 0.3296 0.8881 0.9722 0.1483 0.8656 0.8250 0.9923 0.0470 0.3716 0.2185 0.7268 0.6391 0.3999 0.9734 0.4807 0.0422 0.0726 0.0118 0.8155 0.6659 0.1905 0.7566 0.4401 0.6802 0.2074 0.9592 0.9682
46 46
19.5372
0.8185 0.0740 0.9920 0.7371 0.8813 0.9012 0.7958 0.5016 0.6508 0.1527 0.0960 0.4887 0.7438 0.9034 0.0747 0.7478 0.9304 0.0689 0.6927 0.7426 0.2721 0.9238 0.0591 0.8695 0.1608 0.5700 0.1961 0.4840 0.4705 0.3687 0.9715 0.1354 0.8380 0.5062 0.5908 0.0851 0.1455 0.3270 0.6074 0.5607 0.1656 0.8386 0.7963 0.4619 0.7193 0.6867
50 50
21.2108
0.7994 0.3180 0.2901 0.9109 0.6285 0.7303 0.3664 0.2260 0.1602 0.0045 0.8814 0.2119 0.4877 0.4918 0.0490 0.4191 0.4749 0.2276 0.8210 0.5670 0.4407 0.3323 0.2263 0.6897 0.2946 0.6766 0.8275 0.5865 0.5413 0.8823 0.8967 0.8686 0.1537 0.3176 0.0253 0.2359 0.2321 0.2143 0.5201 0.5776 0.1349 0.4169 0.6789 0.8274 0.7348 0.2908 0.2855 0.5368 0.6668 0.6105
50 50
0.0000
0.9999 0.9999 0.9999 0.9999 0.9999 0.9999 0.9999 0.9999 0.9999 0.9999 0.9999 0.9999 0.9999 0.9999 0.9999 0.9999 0.9999 0.9999 0.9999 0.9999 0.9999 0.9999 0.9999 0.9999 0.9999 0.9999 0.9999 0.9999 0.9999 0.9999 0.9999 0.9999 0.9999 0.9999 0.9999 0.9999 0.9999 0.9999 0.9999 0.9999 0.9999 0.9999 0.9999 0.9999 0.9999 0.9999 0.9999 0.9999 0.9999 0.9999
48 48
18.4212
0.1019 0.4154 0.9643 0.8888 0.9308 0.3943 0.1559 0.5568 0.6337 0.3261 0.6730 0.5118 0.3523 0.3605 0.8088 0.9614 0.5359 0.2046 0.9550 0.8878 0.1113 0.0791 0.0420 0.2525 0.1779 0.4384 0.6774 0.2987 0.3471 0.5004 0.9893 0.3765 0.6676 0.1806 0.8821 0.9272 0.2297 0.2165 0.8548 0.5370 0.0542 0.3248 0.8790 0.0944 0.2440 0.5475 0.4548 0.9195
49 49
15.7710
0.3043 0.3416 0.7372 0.4680 0.7116 0.8788 0.2507 0.5061 0.3107 0.6485 0.5627 0.4333 0.9449 0.5810 0.3994 0.6650 0.0666 0.8353 0.4766 0.8835 0.3732 0.5214 0.6725 0.6314 0.0947 0.1395 0.7266 0.7559 0.3636 0.4129 0.3408 0.7899 0.4527 0.3826 0.5714 0.9478 0.8613 0.4982 0.0614 0.6711 0.0296 0.1472 0.6968 0.3768 0.6426 0.6600 0.5613 0.5178 0.4686
4 4
1.3999
0.8000 0.5000 0.7000 0.6000
50 50
19.3096
0.8304 0.7962 0.6652 0.5745 0.6410 0.3767 0.1480 0.8267 0.7740 0.5918 0.3655 0.1065 0.9977 0.2412 0.0138 0.9355 0.8060 0.9681 0.2842 0.2911 0.2249 0.6747 0.8753 0.3905 0.2947 0.3822 0.2025 0.0335 0.2814 0.6250 0.3832 0.3057 0.5378 0.1518 0.9370 0.2918 0.9421 0.4120 0.7368 0.3351 0.8975 0.0021 0.7983 0.8194 0.9888 0.9125 0.8987 0.1626 0.0885 0.4822
48 48
18.5598
0.2672 0.2895 0.8152 0.2859 0.0642 0.5978 0.1812 0.7123 0.6735 0.6948 0.0920 0.4086 0.8428 0.7840 0.8411 0.6705 0.5612 0.1664 0.9637 0.8434 0.4573 0.1840 0.6562 0.4621 0.6045 0.8574 0.3135 0.3682 0.0200 0.5108 0.7599 0.6235 0.6986 0.7241 0.2214 0.6533 0.2379 0.8122 0.6300 0.5952 0.0690 0.7090 0.7769 0.0385 0.1132 0.0995 0.6160 0.3401
47 47
17.2361
0.3205 0.8378 0.6622 0.8766 0.4311 0.4341 0.4592 0.4314 0.4359 0.9059 0.0305 0.5290 0.8731 0.8352 0.8161 0.9136 0.8658 0.9214 0.9548 0.4425 0.5812 0.3764 0.2753 0.2649 0.9880 0.8214 0.5294 0.1118 0.6865 0.1667 0.5429 0.0797 0.3481 0.9075 0.4946 0.6322 0.8362 0.1115 0.8361 0.1565 0.0125 0.6490 0.7143 0.5657 0.5824 0.6453 0.5743
45 45
15.4182
0.7162 0.6232 0.6430 0.9226 0.9873 0.7224 0.3735 0.7991 0.9960 0.4623 0.6385 0.9584 0.9281 0.2671 0.6915 0.5525 0.3801 0.9571 0.0564 0.7999 0.3000 0.1059 0.9970 0.5577 0.9411 0.3278 0.8159 0.0649 0.6231 0.9228 0.5425 0.6672 0.3367 0.6571 0.0742 0.4377 0.2744 0.5445 0.5815 0.4876 0.0929 0.5485 0.6989 0.6556 0.1172
1 1
0.3333
0.0000
49 49
16.7038
0.1019 0.1800 0.2515 0.7884 0.5407 0.5433 0.4159 0.5201 0.6661 0.5331 0.2455 0.5314 0.3632 0.4869 0.6240 0.6736 0.2915 0.9232 0.8462 0.3302 0.9102 0.2293 0.7505 0.9973 0.6982 0.9419 0.5959 0.8524 0.8591 0.5260 0.6451 0.8052 0.3868 0.4846 0.4114 0.9375 0.7708 0.6404 0.1302 0.4409 0.1291 0.0330 0.2056 0.2391 0.2851 0.2925 0.6306 0.4024 0.6848
50 50
0.0000
1.0000 1.0000 1.0000 1.0000 1.0000 1.0000 1.0000 1.0000 1.0000 1.0000 1.0000 1.0000 1.0000 1.0000 1.0000 1.0000 1.0000 1.0000 1.0000 1.0000 1.0000 1.0000 1.0000 1.0000 1.0000 1.0000 1.0000 1.0000 1.0000 1.0000 1.0000 1.0000 1.0000 1.0000 1.0000 1.0000 1.0000 1.0000 1.0000 1.0000 1.0000 1.0000 1.0000 1.0000 1.0000 1.0000 1.0000 1.0000 1.0000 1.0000
45 45
3.5904
0.8465 0.4972 0.3448 0.6697 0.2414 0.4654 0.9111 0.1036 0.8268 0.5776 0.7122 0.9563 0.1018 0.4465 0.2361 0.6942 0.3085 0.3880 0.4820 0.7248 0.4581 0.1847 0.5127 0.1824 0.3028 0.4031 0.3308 0.5221 0.8945 0.7715 0.4568 0.7976 0.1720 0.7398 0.4520 0.3655 0.2692 0.5679 0.3892 0.3252 0.3324 0.3233 0.4244 0.8075 0.1272
49 49
19.5048
0.3514 0.1692 0.3788 0.3498 0.0170 0.9933 0.0143 0.0927 0.5818 0.4889 0.4176 0.5693 0.4388 0.3957 0.5093 0.4325 0.1915 0.3964 0.9381 0.0082 0.8077 0.1305 0.3219 0.9361 0.6208 0.4071 0.5376 0.0184 0.4475 0.2988 0.8404 0.0021 0.4978 0.2058 0.7774 0.0809 0.1519 0.1920 0.9315 0.0911 0.6263 0.8394 0.8477 0.1373 0.2384 0.6212 0.4154 0.2905 0.6024
46 46
23.7811
0.8394 0.7414 0.6312 0.0631 0.5251 0.3344 0.1512 0.0699 0.0552 0.4136 0.1895 0.3207 0.4047 0.2329 0.6737 0.3757 0.6070 0.7455 0.4676 0.4442 0.1801 0.2679 0.2067 0.1406 0.1882 0.1915 0.7364 0.1590 0.2667 0.4091 0.7035 0.6023 0.9855 0.4596 0.6462 0.0137 0.6718 0.7997 0.0274 0.6609 0.2578 0.2546 0.1627 0.5443 0.1083 0.2009
48 48
19.0732
0.4504 0.9048 0.8458 0.6555 0.0469 0.4711 0.3085 0.7588 0.6558 0.1718 0.6104 0.5755 0.7723 0.7473 0.5866 0.7556 0.0639 0.5506 0.0110 0.7732 0.8089 0.1408 0.1895 0.0108 0.8652 0.9062 0.7499 0.0574 0.0529 0.2845 0.9281 0.8937 0.2737 0.0858 0.7344 0.1081 0.2261 0.5562 0.9842 0.5238 0.3693 0.4301 0.3201 0.4167 0.0608 0.4036 0.7892 0.8802
48 48
18.2109
0.7978 0.1313 0.2540 0.5889 0.7841 0.4631 0.2856 0.5099 0.1866 0.3387 0.3183 0.7161 0.3626 0.7457 0.0468 0.4144 0.9771 0.0464 0.9396 0.3127 0.4360 0.3889 0.7604 0.8310 0.6234 0.3850 0.9923 0.7917 0.8251 0.5026 0.8085 0.6247 0.1136 0.3013 0.1470 0.5332 0.8791 0.6322 0.4040 0.5779 0.7265 0.6672 0.0470 0.9303 0.8131 0.6785 0.7755 0.3984
49 49
20.6159
0.3929 0.1091 0.1752 0.8142 0.9633 0.3855 0.1350 0.4148 0.9648 0.3284 0.3857 0.1550 0.9880 0.2726 0.8690 0.3854 0.6457 0.5414 0.7663 0.3968 0.9821 0.2270 0.7129 0.7549 0.6761 0.6251 0.8811 0.1691 0.7437 0.2123 0.3881 0.0635 0.7208 0.1973 0.8149 0.5254 0.7473 0.9164 0.4835 0.9885 0.5310 0.8343 0.2658 0.5536 0.3485 0.1961 0.0720 0.4268 0.5494
45 45
17.1455
0.0615 0.1893 0.4536 0.4205 0.1762 0.5573 0.2439 0.4643 0.8683 0.2615 0.5898 0.2643 0.1581 0.5092 0.0594 0.1230 0.6521 0.7599 0.3105 0.6625 0.4499 0.0544 0.7377 0.4378 0.8605 0.5991 0.6795 0.8656 0.1399 0.2604 0.7137 0.7394 0.0858 0.9185 0.4642 0.5742 0.6362 0.4583 0.9396 0.1618 0.7436 0.3725 0.8535 0.6982 0.9865
45 45
16.5381
0.8618 0.5575 0.1665 0.9927 0.8334 0.4015 0.0834 0.3634 0.3785 0.8051 0.8330 0.5970 0.5979 0.4073 0.5499 0.1329 0.7898 0.9603 0.6896 0.8888 0.3876 0.5654 0.6730 0.8236 0.4911 0.1014 0.4466 0.9923 0.6814 0.7665 0.1273 0.9916 0.6043 0.4665 0.4069 0.0633 0.1171 0.7261 0.6128 0.5913 0.3193 0.2403 0.9556 0.5446 0.3353
49 49
18.4771
0.9816 0.5656 0.1095 0.5627 0.6806 0.9977 0.4302 0.9256 0.5137 0.0220 0.4219 0.7329 0.2703 0.4803 0.8989 0.6026 0.5096 0.4987 0.7071 0.9813 0.9512 0.6333 0.1421 0.4436 0.3338 0.7081 0.7497 0.1710 0.9696 0.0793 0.3454 0.0525 0.2489 0.3778 0.3863 0.4412 0.5349 0.6632 0.5145 0.7162 0.7474 0.4302 0.7261 0.1947 0.9364 0.0031 0.9785 0.1603 0.8080
2 2
0.3333
0.5000 0.5000
49 49
16.4702
0.1566 0.9865 0.9422 0.4818 0.2318 0.5751 0.3677 0.8716 0.2658 0.3506 0.8607 0.0389 0.9861 0.3630 0.4271 0.6786 0.0777 0.6009 0.9407 0.5846 0.9916 0.6093 0.1009 0.2964 0.8412 0.5381 0.9892 0.6814 0.1698 0.3462 0.8731 0.8526 0.4006 0.7841 0.7226 0.2634 0.0633 0.3602 0.2293 0.6875 0.3116 0.9560 0.4445 0.0415 0.6213 0.0304 0.1915 0.4479 0.6144
45 45
22.0074
0.2572 0.7493 0.6603 0.2417 0.8439 0.2116 0.7599 0.6061 0.9035 0.0405 0.6185 0.5930 0.5105 0.4530 0.1703 0.4816 0.9176 0.6233 0.2966 0.0949 0.2331 0.7592 0.7848 0.5496 0.2989 0.0460 0.3244 0.0044 0.3405 0.9552 0.4809 0.1451 0.6803 0.8761 0.6910 0.7193 0.7225 0.0990 0.1614 0.9132 0.7932 0.4929 0.7923 0.7012 0.2529
48 48
18.0618
0.4559 0.7699 0.5888 0.4493 0.4831 0.2493 0.0440 0.0861 0.2449 0.7989 0.8741 0.0774 0.9251 0.1832 0.7414 0.9416 0.6593 0.8668 0.1474 0.0454 0.1831 0.5026 0.5560 0.6017 0.8072 0.8532 0.1186 0.3691 0.8485 0.8846 0.1264 0.3773 0.4332 0.3629 0.7407 0.2433 0.4174 0.2706 0.5106 0.0694 0.4950 0.3871 0.8982 0.4032 0.7132 0.0514 0.3541 0.1503
46 46
16.2650
0.0683 0.5285 0.2810 0.5355 0.4749 0.8948 0.4705 0.0638 0.6680 0.3870 0.9795 0.4690 0.0045 0.4106 0.4871 0.4982 0.3463 0.7968 0.8958 0.5734 0.1864 0.9235 0.3422 0.3765 0.9519 0.9984 0.9586 0.3809 0.0560 0.7486 0.2744 0.1532 0.8719 0.8000 0.0155 0.5721 0.8507 0.7654 0.1525 0.5184 0.1732 0.3225 0.9792 0.3978 0.9708 0.2932
46 46
18.9787
0.0843 0.7967 0.5944 0.7182 0.1980 0.3188 0.8108 0.3525 0.4742 0.8609 0.9491 0.6787 0.1970 0.8810 0.6895 0.0147 0.4190 0.8052 0.3213 0.6072 0.6069 0.1748 0.4393 0.8971 0.2318 0.6731 0.1869 0.4361 0.0228 0.8012 0.6093 0.9369 0.5255 0.4315 0.3653 0.1421 0.6741 0.7414 0.9283 0.0561 0.7368 0.0022 0.5833 0.0550 0.3081 0.4930
48 48
17.2872
0.9540 0.9302 0.2745 0.3985 0.2841 0.2730 0.3771 0.2128 0.2416 0.6696 0.7569 0.9626 0.8588 0.2142 0.5027 0.2261 0.1933 0.0313 0.8212 0.8590 0.7610 0.6170 0.7364 0.5115 0.4816 0.1689 0.0851 0.5475 0.4129 0.7489 0.5309 0.5968 0.9292 0.5997 0.3100 0.5874 0.4285 0.5482 0.0522 0.9982 0.1332 0.3328 0.3238 0.2308 0.4665 0.4540 0.5997 0.3549
50 50
22.5166
0.3375 0.0958 0.4532 0.8333 0.8320 0.1968 0.9075 0.8222 0.2281 0.2606 0.6954 0.0333 0.3037 0.1712 0.5690 0.6430 0.2407 0.2021 0.0736 0.0583 0.8209 0.8141 0.8273 0.1692 0.9153 0.5633 0.6555 0.8360 0.6528 0.9998 0.8004 0.7063 0.0534 0.6173 0.3919 0.8039 0.4812 0.1148 0.5676 0.1607 0.7038 0.2704 0.3916 0.0627 0.0206 0.2038 0.6523 0.6671 0.3145 0.3702
50 50
19.1750
0.5435 0.0996 0.3694 0.3410 0.5868 0.4714 0.4313 0.2694 0.7248 0.1738 0.1012 0.7601 0.2556 0.0768 0.6726 0.2634 0.8124 0.6447 0.3248 0.3452 0.7135 0.5621 0.7883 0.4568 0.4786 0.7284 0.8152 0.0051 0.6778 0.7771 0.5175 0.7520 0.1900 0.3572 0.9914 0.7075 0.3327 0.8844 0.7100 0.1426 0.7270 0.8710 0.6396 0.8412 0.4179 0.3241 0.2506 0.7512 0.9802 0.1754
46 46
18.6910
0.1604 0.1305 0.0621 0.0952 0.4079 0.3066 0.6017 0.8224 0.2225 0.0949 0.1243 0.1225 0.0679 0.9479 0.3188 0.0614 0.1391 0.3484 0.3989 0.3300 0.5416 0.6170 0.7767 0.4457 0.8610 0.3375 0.3225 0.4737 0.2548 0.9060 0.9889 0.6052 0.9068 0.4153 0.9810 0.1649 0.8055 0.1070 0.2433 0.3881 0.2300 0.1430 0.5708 0.4660 0.9728 0.0097
50 50
1.0000
0.3333 0.3333 0.3333 0.3333 0.3333 0.3333 0.3333 0.3333 0.3333 0.3333 0.3333 0.3333 0.3333 0.3333 0.3333 0.3333 0.3333 0.3333 0.3333 0.3333 0.3333 0.3333 0.3333 0.3333 0.3333 0.3333 0.3333 0.3333 0.3333 0.3333 0.3333 0.3333 0.3333 0.3333 0.3333 0.3333 0.3333 0.3333 0.3333 0.3333 0.3333 0.3333 0.3333 0.3333 0.3333 0.3333 0.3333 0.3333 0.3333 0.3333
49 49
22.0359
0.2190 0.6836 0.0396 0.3413 0.7390 0.0747 0.0163 0.2598 0.1566 0.3171 0.9134 0.6111 0.9847 0.6465 0.4651 0.1296 0.4948 0.4812 0.0280 0.3345 0.0319 0.1814 0.8959 0.9821 0.2002 0.5716 0.4992 0.4303 0.2424 0.3877 0.9406 0.8424 0.9886 0.0884 0.8261 0.8486 0.2905 0.8795 0.2688 0.8931 0.2217 0.8213 0.8812 0.4506 0.7636 0.3065 0.2856 0.6848 0.9672
50 50
0.0049
0.9999 0.9999 0.9999 0.9999 0.9999 0.9999 0.9999 0.9999 0.9999 0.9999 0.9999 0.9999 0.9999 0.9999 0.9999 0.9999 0.9999 0.9999 0.9999 0.9999 0.9999 0.9999 0.9999 0.9999 0.9999 0.9999 0.9999 0.9999 0.9999 0.9999 0.9999 0.9999 0.9999 0.9999 0.9999 0.9999 0.9999 0.9999 0.9999 0.9999 0.9999 0.9999 0.9999 0.9999 0.9999 0.9999 0.9999 0.9999 0.9999 0.9999
46 46
19.2920
0.5295 0.7536 0.1328 0.9681 0.5657 0.0145 0.4242 0.4351 0.2236 0.7148 0.6636 0.7186 0.7647 0.4954 0.4447 0.2781 0.3021 0.3455 0.6981 0.6876 0.4469 0.5913 0.2065 0.9898 0.6086 0.5034 0.7690 0.9863 0.1752 0.3722 0.4908 0.3775 0.5858 0.9442 0.5178 0.1725 0.5082 0.8454 0.3426 0.9350 0.7167 0.4058 0.1797 0.1667 0.9539 0.7576
50 50
21.5863
0.7377 0.7365 0.3814 0.5679 0.1588 0.5701 0.1520 0.9325 0.2329 0.9704 0.1217 0.5036 0.3042 0.6838 0.4812 0.2770 0.3515 0.4731 0.1106 0.4795 0.3433 0.6581 0.5954 0.3375 0.1459 0.8395 0.4495 0.0887 0.0685 0.3452 0.4513 0.8139 0.2654 0.6486 0.4462 0.2481 0.1895 0.5376 0.4005 0.1245 0.6581 0.6462 0.1763 0.7933 0.0337 0.6767 0.2589 0.4119 0.1062 0.0447
50 50
1.0000
0.0000 0.0000 0.0000 0.0000 0.0000 0.0000 0.0000 0.0000 0.0000 0.0000 0.0000 0.0000 0.0000 0.0000 0.0000 0.0000 0.0000 0.0000 0.0000 0.0000 0.0000 0.0000 0.0000 0.0000 0.0000 0.0000 0.0000 0.0000 0.0000 0.0000 0.0000 0.0000 0.0000 0.0000 0.0000 0.0000 0.0000 0.0000 0.0000 0.0000 0.0000 0.0000 0.0000 0.0000 0.0000 0.0000 0.0000 0.0000 0.0000 0.0000
49 49
22.1350
0.9026 0.0797 0.4015 0.7943 0.3618 0.2273 0.3689 0.6170 0.1524 0.6934 0.5329 0.0201 0.7137 0.7312 0.8081 0.7630 0.4818 0.7133 0.8917 0.6212 0.3984 0.2939 0.7018 0.0871 0.9348 0.1896 0.9041 0.3066 0.6621 0.1893 0.8209 0.4605 0.8116 0.1669 0.0164 0.5762 0.5560 0.2314 0.1290 0.8828 0.4563 0.1629 0.5078 0.0379 0.6115 0.9810 0.0832 0.0677 0.4066
