100
4 4
1.4000
0.5000 0.7000 0.8000 0.6000
2 2
1.0000
0.0000 0.0000
2 2
0.0000
0.9000 0.8000
2 2
0.1000
0.4000 0.5000
48 48
19.3267
0.0077 0.4405 0.8844 0.1912 0.7413 0.8289 0.0816 0.9338 0.0387 0.5251 0.3145 0.9808 0.0556 0.4989 0.0583 0.4721 0.0825 0.1790 0.4881 0.3576 0.4433 0.9127 0.4964 0.2575 0.6258 0.2241 0.7453 0.4357 0.7273 0.0323 0.6663 0.5362 0.5319 0.7597 0.4900 0.6717 0.0179 0.9011 0.9231 0.2938 0.3048 0.6263 0.1244 0.1093 0.8582 0.0680 0.6861 0.1546
47 47
15.7025
0.6684 0.7063 0.3292 0.7478 0.6286 0.6666 0.8558 0.9570 0.2989 0.4627 0.2607 0.2694 0.0555 0.4036 0.2987 0.2849 0.5133 0.2598 0.6919 0.0527 0.7581 0.3950 0.9339 0.5786 0.2309 0.2765 0.8536 0.0785 0.1630 0.8999 0.7556 0.0941 0.2197 0.4943 0.8996 0.5411 0.9111 0.8069 0.0919 0.4276 0.8074 0.9125 0.1462 0.6066 0.3188 0.4505 0.5833
46 46
19.1263
0.4813 0.1507 0.0866 0.5400 0.3180 0.0449 0.6033 0.6239 0.9875 0.9841 0.1663 0.1031 0.5631 0.5672 0.7727 0.4434 0.0486 0.2373 0.0685 0.1601 0.4740 0.8845 0.1480 0.8513 0.5264 0.3536 0.6702 0.5956 0.1528 0.4982 0.3292 0.4974 0.4028 0.4985 0.5665 0.2087 0.3666 0.1792 0.7114 0.6146 0.6698 0.6209 0.6249 0.9795 0.7855 0.9266
46 46
18.0991
0.2287 0.5944 0.8484 0.1130 0.1257 0.6853 0.3359 0.3047 0.1122 0.7011 0.7254 0.6672 0.7370 0.3726 0.7091 0.3740 0.3923 0.4656 0.7114 0.4463 0.0620 0.4488 0.1666 0.6143 0.2220 0.5018 0.3805 0.5111 0.8336 0.2921 0.6163 0.0163 0.2695 0.0116 0.7535 0.6015 0.1829 0.2072 0.4646 0.4082 0.0138 0.4970 0.8883 0.0419 0.7293 0.7642
49 49
20.4340
0.3639 0.6998 0.6850 0.3388 0.9804 0.5662 0.4742 0.3216 0.8516 0.4672 0.2208 0.1226 0.2580 0.5863 0.1990 0.9860 0.5391 0.8780 0.1157 0.8653 0.0356 0.9651 0.3526 0.2269 0.7758 0.1359 0.2696 0.0664 0.7433 0.5366 0.4035 0.5199 0.4564 0.4453 0.5762 0.3544 0.7863 0.3737 0.3039 0.1775 0.7741 0.8033 0.5124 0.3376 0.7614 0.3046 0.6084 0.3839 0.6107
4 4
1.3999
0.8000 0.7000 0.6000 0.5000
45 45
16.5955
0.1638 0.6960 0.5843 0.0889 0.5742 0.4402 0.2621 0.3881 0.5653 0.6588 0.2417 0.8102 0.6200 0.4884 0.9678 0.2316 0.9169 0.8195 0.2942 0.0939 0.7563 0.2121 0.2257 0.9134 0.5806 0.1737 0.2227 0.7460 0.1535 0.3429 0.6427 0.3718 0.6262 0.4536 0.3529 0.3043 0.0712 0.7323 0.7758 0.1182 0.5234 0.9271 0.7444 0.6660 0.2416
50 50
21.5255
0.3632 0.9564 0.8884 0.0812 0.2084 0.5180 0.7716 0.6610 0.7937 0.4607 0.5327 0.3073 0.8424 0.5667 0.5226 0.6778 0.5564 0.5216 0.1803 0.2466 0.5860 0.1228 0.1585 0.5678 0.5010 0.6150 0.3465 0.3669 0.1520 0.5636 0.6911 0.5147 0.9237 0.9929 0.7073 0.7919 0.5833 0.7548 0.1275 0.3232 0.5258 0.0791 0.8933 0.5857 0.9587 0.1894 0.2950 0.5542 0.2685 0.7510
46 46
16.2239
0.3290 0.6352 0.7573 0.7284 0.6746 0.4324 0.3271 0.9911 0.7809 0.9162 0.5704 0.0919 0.9657 0.1684 0.8195 0.4865 0.2820 0.3095 0.0244 0.2797 0.5385 0.7133 0.1731 0.7378 0.3705 0.2429 0.5895 0.7455 0.2848 0.6133 0.3320 0.9441 0.1400 0.8413 0.8722 0.3184 0.8611 0.9139 0.6437 0.7133 0.0675 0.2938 0.4803 0.4684 0.2609 0.9860
49 49
20.8578
0.4374 0.4554 0.1350 0.0915 0.1508 0.0000 0.6964 0.0013 0.2530 0.0662 0.8435 0.0860 0.7677 0.7092 0.2553 0.3725 0.0055 0.5521 0.7924 0.5098 0.7267 0.6953 0.1970 0.2012 0.6095 0.4503 0.4500 0.9483 0.3652 0.5040 0.1429 0.6982 0.1203 0.0800 0.4556 0.6393 0.3482 0.2858 0.2530 0.1751 0.7253 0.9536 0.5260 0.5582 0.5444 0.7333 0.8845 0.6927 0.2039
48 48
14.8402
0.7859 0.4475 0.5880 0.9856 0.5364 0.1460 0.7525 0.8009 0.6407 0.0546 0.1857 0.0520 0.9992 0.8721 0.7655 0.9522 0.7451 0.8975 0.5785 0.4071 0.5388 0.9870 0.9865 0.3008 0.3164 0.9547 0.3621 0.3212 0.5260 0.3012 0.6852 0.6997 0.4584 0.8975 0.2729 0.5202 0.2224 0.6264 0.8656 0.6853 0.0077 0.4201 0.2087 0.8451 0.4467 0.6054 0.9701 0.7334
2 2
0.3333
0.5000 0.5000
50 50
19.9923
0.2514 0.1748 0.8223 0.1543 0.2264 0.3126 0.9367 0.5158 0.9385 0.1940 0.2415 0.4074 0.5752 0.7141 0.4311 0.2021 0.3547 0.3223 0.1723 0.8653 0.3529 0.9784 0.4885 0.9110 0.6216 0.6596 0.4245 0.9619 0.6004 0.5432 0.7963 0.2684 0.0478 0.5326 0.4850 0.7690 0.3902 0.2832 0.3586 0.8020 0.0250 0.9615 0.1830 0.8112 0.7470 0.6908 0.8737 0.2371 0.1132 0.0252
46 46
18.2861
0.4616 0.3688 0.7888 0.0838 0.9988 0.9637 0.1645 0.8760 0.3346 0.4851 0.3778 0.9885 0.6849 0.5987 0.7891 0.0546 0.0254 0.3585 0.8581 0.2600 0.4633 0.4981 0.5515 0.2001 0.3054 0.8172 0.0719 0.0591 0.9650 0.8605 0.1570 0.8600 0.1950 0.1827 0.3275 0.8630 0.0546 0.7568 0.3003 0.5221 0.6975 0.7920 0.0599 0.0348 0.8658 0.8918
46 46
17.9946
0.1701 0.9914 0.7540 0.1592 0.5041 0.7783 0.1983 0.6085 0.6675 0.7069 0.2248 0.8953 0.1490 0.1589 0.0047 0.3426 0.0834 0.9384 0.8266 0.9236 0.8589 0.2432 0.0505 0.0187 0.2369 0.5187 0.9307 0.3110 0.9458 0.3747 0.6120 0.5408 0.3109 0.2307 0.4954 0.0375 0.4879 0.9735 0.4429 0.4673 0.8554 0.7937 0.5427 0.2889 0.4512 0.5374
50 50
0.0000
0.8765 0.8765 0.8765 0.8765 0.8765 0.8765 0.8765 0.8765 0.8765 0.8765 0.8765 0.8765 0.8765 0.8765 0.8765 0.8765 0.8765 0.8765 0.8765 0.8765 0.8765 0.8765 0.8765 0.8765 0.8765 0.8765 0.8765 0.8765 0.8765 0.8765 0.8765 0.8765 0.8765 0.8765 0.8765 0.8765 0.8765 0.8765 0.8765 0.8765 0.8765 0.8765 0.8765 0.8765 0.8765 0.8765 0.8765 0.8765 0.8765 0.8765
46 46
23.0854
0.9443 0.6375 0.7863 0.3233 0.0134 0.1216 0.9656 0.6632 0.6093 0.9540 0.9285 0.5114 0.5687 0.7420 0.0170 0.0902 0.0718 0.9510 0.8100 0.3367 0.0515 0.6830 0.1968 0.0772 0.9903 0.4762 0.4294 0.3677 0.2781 0.6305 0.5328 0.7147 0.5543 0.0448 0.3913 0.9908 0.2676 0.5155 0.9561 0.0692 0.9535 0.1247 0.2913 0.5082 0.5203 0.1402
47 47
2.2784
0.9963 0.1902 0.8156 0.6852 0.3364 0.8840 0.3553 0.6506 0.8489 0.1664 0.8278 0.9917 0.4495 0.2346 0.7511 0.9042 0.0239 0.1427 0.6587 0.3084 0.4354 0.1637 0.7939 0.6562 0.6483 0.8193 0.9056 0.1259 0.9460 0.5550 0.3204 0.1539 0.1028 0.6641 0.8419 0.5519 0.7586 0.4923 0.1005 0.0708 0.7958 0.1305 0.1277 0.2816 0.1370 0.3635 0.9770
46 46
21.1227
0.6452 0.9482 0.1688 0.8143 0.4343 0.8856 0.4890 0.3270 0.9641 0.8038 0.0740 0.4994 0.6844 0.4188 0.8594 0.6883 0.2145 0.3515 0.4207 0.2085 0.3058 0.0660 0.5643 0.4284 0.4153 0.5708 0.1337 0.0350 0.5144 0.3044 0.1426 0.8912 0.3696 0.0291 0.5112 0.3207 0.5124 0.8601 0.4445 0.0713 0.4132 0.2369 0.1719 0.6800 0.3244 0.2943
50 50
0.0050
0.9999 0.9999 0.9999 0.9999 0.9999 0.9999 0.9999 0.9999 0.9999 0.9999 0.9999 0.9999 0.9999 0.9999 0.9999 0.9999 0.9999 0.9999 0.9999 0.9999 0.9999 0.9999 0.9999 0.9999 0.9999 0.9999 0.9999 0.9999 0.9999 0.9999 0.9999 0.9999 0.9999 0.9999 0.9999 0.9999 0.9999 0.9999 0.9999 0.9999 0.9999 0.9999 0.9999 0.9999 0.9999 0.9999 0.9999 0.9999 0.9999 0.9999
1 1
0.3333
0.0000
48 48
22.1699
0.1736 0.8377 0.7432 0.7783 0.7481 0.0150 0.3773 0.4648 0.3266 0.5237 0.3123 0.9061 0.0020 0.9871 0.4732 0.0803 0.7608 0.0359 0.5069 0.8872 0.4529 0.0635 0.8516 0.0668 0.4998 0.5013 0.2464 0.1406 0.9188 0.3215 0.6951 0.9198 0.8504 0.4358 0.5203 0.9129 0.5793 0.8189 0.8436 0.3589 0.1879 0.5869 0.1555 0.2605 0.0945 0.7426 0.7192 0.0779
48 48
19.7605
0.2966 0.4398 0.7973 0.7499 0.8184 0.8755 0.3061 0.1592 0.7627 0.3619 0.1439 0.8883 0.4104 0.5679 0.7364 0.0440 0.4189 0.0580 0.9630 0.7048 0.2396 0.5371 0.3249 0.5395 0.1606 0.4809 0.9261 0.0476 0.9601 0.6872 0.3910 0.3612 0.7132 0.5257 0.1117 0.5205 0.3777 0.7002 0.3689 0.1631 0.6616 0.5562 0.7905 0.0850 0.6382 0.7092 0.8099 0.2500
48 48
22.6248
0.8807 0.8479 0.0465 0.6542 0.4099 0.7504 0.0252 0.0752 0.3177 0.4509 0.6938 0.8722 0.5883 0.2254 0.4543 0.5638 0.7896 0.0896 0.4999 0.5020 0.1495 0.3979 0.1164 0.9804 0.7208 0.2113 0.6502 0.3378 0.8321 0.0072 0.7274 0.8675 0.0344 0.7750 0.4707 0.2131 0.8054 0.6682 0.1010 0.3411 0.7362 0.0821 0.7714 0.5386 0.4698 0.5200 0.6732 0.2544
50 50
0.0049
0.9999 0.9999 0.9999 0.9999 0.9999 0.9999 0.9999 0.9999 0.9999 0.9999 0.9999 0.9999 0.9999 0.9999 0.9999 0.9999 0.9999 0.9999 0.9999 0.9999 0.9999 0.9999 0.9999 0.9999 0.9999 0.9999 0.9999 0.9999 0.9999 0.9999 0.9999 0.9999 0.9999 0.9999 0.9999 0.9999 0.9999 0.9999 0.9999 0.9999 0.9999 0.9999 0.9999 0.9999 0.9999 0.9999 0.9999 0.9999 0.9999 0.9999
2 2
0.3333
0.0000 0.0000
48 48
19.3997
0.5426 0.1019 0.7797 0.5128 0.8224 0.4404 0.0918 0.1588 0.1063 0.1226 0.9000 0.4939 0.1691 0.1604 0.5231 0.6896 0.3105 0.4798 0.8223 0.6563 0.2479 0.0931 0.1084 0.5336 0.5777 0.1686 0.4811 0.5763 0.4950 0.5480 0.1016 0.6735 0.0362 0.4621 0.0296 0.9147 0.3632 0.5833 0.1501 0.1873 0.5187 0.3762 0.5827 0.0989 0.6681 0.0667 0.7258 0.1437
46 46
17.6534
0.9568 0.0445 0.9188 0.0940 0.8501 0.5860 0.1706 0.2089 0.6485 0.0909 0.4929 0.3268 0.5838 0.6546 0.3708 0.6205 0.6054 0.9704 0.5415 0.7446 0.4378 0.5000 0.4857 0.0730 0.8621 0.1314 0.0956 0.4350 0.6722 0.3206 0.2084 0.5380 0.3008 0.2134 0.7561 0.2283 0.0832 0.5297 0.1277 0.0970 0.3170 0.4190 0.0084 0.7841 0.7790 0.7579
2 2
0.5000
0.5000 0.5000
46 46
16.8393
0.6201 0.8266 0.6542 0.6476 0.6071 0.6783 0.3508 0.4401 0.8324 0.8459 0.0665 0.3886 0.3102 0.0081 0.2437 0.0503 0.0810 0.3542 0.0988 0.3663 0.5022 0.0735 0.1653 0.4683 0.8894 0.2027 0.1792 0.9345 0.1329 0.8609 0.1136 0.0432 0.8814 0.9225 0.9895 0.5569 0.1759 0.5087 0.8979 0.8777 0.7472 0.3962 0.4052 0.5709 0.2544 0.6979
49 49
22.7416
0.3613 0.7483 0.2201 0.9089 0.3653 0.1717 0.8332 0.9588 0.2302 0.2695 0.5681 0.1399 0.5387 0.3151 0.8506 0.8995 0.0600 0.3296 0.6498 0.7015 0.9039 0.4053 0.4087 0.0890 0.4314 0.0320 0.8769 0.6011 0.2535 0.6563 0.3166 0.0749 0.0393 0.2926 0.1257 0.2123 0.9033 0.8589 0.6992 0.6836 0.9706 0.3424 0.0488 0.9811 0.9375 0.3646 0.4227 0.9064 0.2647
45 45
15.7448
0.9188 0.3707 0.8014 0.4775 0.6557 0.2756 0.4645 0.8381 0.4795 0.7791 0.5150 0.0309 0.6813 0.2570 0.3265 0.6817 0.7725 0.1414 0.7579 0.0002 0.4649 0.9465 0.6882 0.0785 0.5116 0.7202 0.7416 0.3771 0.4202 0.0627 0.6709 0.9131 0.4930 0.1495 0.3767 0.6883 0.3594 0.8080 0.9063 0.9072 0.0476 0.0325 0.1051 0.7957 0.3299
1 1
0.3333
0.5000
49 49
2.2603
0.7001 0.7932 0.2235 0.6873 0.5337 0.3850 0.6942 0.8691 0.5154 0.4795 0.8561 0.2062 0.0706 0.4581 0.2368 0.5095 0.4379 0.5352 0.9229 0.7213 0.4606 0.3545 0.2869 0.7444 0.7481 0.1679 0.5347 0.6857 0.3106 0.1329 0.5165 0.8354 0.7961 0.1762 0.4856 0.0739 0.4266 0.6047 0.6125 0.7809 0.2017 0.2831 0.5509 0.7064 0.1160 0.8378 0.7694 0.0852 0.8491
48 48
18.7399
0.2254 0.3410 0.7086 0.4433 0.6230 0.4274 0.2132 0.7053 0.2046 0.3803 0.7264 0.4782 0.0277 0.7106 0.0313 0.6459 0.9458 0.6799 0.5697 0.3174 0.3868 0.4009 0.2192 0.6039 0.2669 0.7419 0.0424 0.5296 0.3841 0.7347 0.3968 0.5476 0.6966 0.4666 0.7066 0.7246 0.0444 0.6771 0.1497 0.1486 0.9380 0.5854 0.5991 0.6879 0.8183 0.1907 0.4511 0.4370
50 50
20.6436
0.1806 0.7147 0.9218 0.7037 0.3581 0.8398 0.2455 0.8094 0.0145 0.4282 0.9824 0.5147 0.1815 0.8009 0.0001 0.3121 0.7397 0.1780 0.8752 0.1366 0.5882 0.9747 0.4251 0.8126 0.3025 0.4196 0.4836 0.8112 0.5632 0.0590 0.4326 0.8396 0.2756 0.8299 0.3478 0.8149 0.8412 0.1670 0.2042 0.8792 0.5336 0.4758 0.7471 0.8682 0.8823 0.9138 0.2107 0.1256 0.2110 0.5942
50 50
18.0481
0.4727 0.3969 0.6440 0.5037 0.6533 0.0386 0.4436 0.4251 0.3271 0.6930 0.6440 0.8310 0.1557 0.0131 0.1600 0.3126 0.6747 0.5942 0.8201 0.0301 0.7900 0.9736 0.9728 0.9215 0.6821 0.4066 0.7560 0.6143 0.8584 0.1188 0.4534 0.9029 0.9935 0.4486 0.6147 0.1824 0.5499 0.1591 0.9499 0.2954 0.2210 0.5722 0.1485 0.7347 0.5060 0.2868 0.4790 0.7773 0.4138 0.9084
47 47
18.9485
0.2498 0.5645 0.7185 0.8414 0.0165 0.6294 0.9332 0.9700 0.3946 0.7735 0.1545 0.6443 0.7631 0.7981 0.2087 0.7314 0.1296 0.4928 0.1286 0.0179 0.5661 0.9521 0.2203 0.9993 0.2989 0.2392 0.2966 0.5420 0.0079 0.3807 0.6309 0.8764 0.0405 0.3095 0.2981 0.0958 0.5819 0.6608 0.5386 0.5408 0.5715 0.1831 0.5237 0.2995 0.7629 0.2454 0.2849
48 48
19.7438
0.7869 0.2003 0.7202 0.5811 0.8981 0.6895 0.3502 0.7929 0.1778 0.4588 0.2227 0.5175 0.3178 0.8369 0.8045 0.2618 0.3562 0.1647 0.4846 0.3957 0.9141 0.6796 0.4655 0.4367 0.0546 0.3048 0.0349 0.4443 0.8730 0.2428 0.6124 0.6269 0.2844 0.1825 0.2523 0.2633 0.9204 0.1254 0.1463 0.2016 0.3075 0.9132 0.2899 0.2880 0.1321 0.8519 0.7769 0.2050
49 49
18.3202
0.1898 0.2953 0.7329 0.0634 0.7043 0.0333 0.2669 0.5581 0.0919 0.0587 0.5477 0.3841 0.6427 0.9488 0.7101 0.1864 0.0966 0.2418 0.0818 0.4432 0.7170 0.2861 0.0983 0.2185 0.1202 0.6002 0.9969 0.6169 0.4143 0.5622 0.2646 0.9021 0.4864 0.5345 0.5845 0.5486 0.5609 0.7298 0.9069 0.7579 0.3654 0.1081 0.6531 0.7174 0.3142 0.4306 0.4463 0.7840 0.3779
50 50
18.6125
0.1074 0.2154 0.7856 0.7234 0.6153 0.2210 0.7638 0.1992 0.8619 0.7155 0.7792 0.0630 0.5360 0.7953 0.6844 0.0095 0.7803 0.5386 0.0920 0.3801 0.2626 0.7581 0.1944 0.8095 0.7696 0.5721 0.9444 0.6624 0.0792 0.9923 0.2997 0.6489 0.6719 0.3553 0.9761 0.9899 0.2220 0.3466 0.7605 0.0092 0.1559 0.8406 0.9791 0.0152 0.1690 0.8848 0.7139 0.2096 0.9873 0.5761
46 46
21.9279
0.0441 0.3945 0.0865 0.5493 0.3160 0.2499 0.1109 0.2295 0.2221 0.5676 0.3732 0.4566 0.6272 0.0226 0.8117 0.3335 0.3024 0.8524 0.0191 0.5920 0.4272 0.5979 0.9183 0.7950 0.1507 0.0834 0.2511 0.0195 0.2797 0.9058 0.8790 0.5248 0.7364 0.1247 0.6421 0.7885 0.6877 0.5061 0.1819 0.8325 0.9379 0.8255 0.8886 0.3393 0.3785 0.4145
47 47
18.1425
0.3985 0.8706 0.8079 0.8667 0.3596 0.3657 0.8037 0.3238 0.6964 0.1649 0.3388 0.3316 0.3255 0.6998 0.6730 0.0540 0.3368 0.1424 0.3062 0.6611 0.0325 0.8232 0.4575 0.0369 0.1936 0.5343 0.7787 0.3459 0.5161 0.7175 0.0078 0.4642 0.7363 0.2334 0.3193 0.7300 0.6121 0.9656 0.5324 0.7799 0.5483 0.9285 0.3156 0.2312 0.6058 0.9045 0.3268
49 49
16.1734
0.9410 0.6105 0.4701 0.0263 0.7975 0.0711 0.0683 0.1974 0.5464 0.6633 0.4076 0.5621 0.9127 0.1541 0.9002 0.9353 0.0180 0.2496 0.8553 0.7591 0.9196 0.9161 0.7456 0.9097 0.6130 0.2050 0.1493 0.1139 0.8186 0.3756 0.7129 0.8112 0.4061 0.8554 0.5840 0.0694 0.7812 0.5610 0.5424 0.5490 0.9230 0.3509 0.8045 0.2049 0.2111 0.5530 0.3836 0.9406 0.6404
45 45
13.3121
0.3516 0.4219 0.2006 0.6704 0.0078 0.0675 0.8717 0.7516 0.0075 0.5909 0.8006 0.7560 0.7110 0.1391 0.6645 0.8718 0.6821 0.9638 0.1249 0.7120 0.5809 0.7005 0.7254 0.3992 0.8516 0.9839 0.2466 0.9211 0.5411 0.7922 0.4334 0.1928 0.6831 0.7195 0.2884 0.1702 0.2753 0.9652 0.7962 0.7795 0.8247 0.8538 0.7886 0.6446 0.4825
50 50
0.0000
0.8700 0.8700 0.8700 0.8700 0.8700 0.8700 0.8700 0.8700 0.8700 0.8700 0.8700 0.8700 0.8700 0.8700 0.8700 0.8700 0.8700 0.8700 0.8700 0.8700 0.8700 0.8700 0.8700 0.8700 0.8700 0.8700 0.8700 0.8700 0.8700 0.8700 0.8700 0.8700 0.8700 0.8700 0.8700 0.8700 0.8700 0.8700 0.8700 0.8700 0.8700 0.8700 0.8700 0.8700 0.8700 0.8700 0.8700 0.8700 0.8700 0.8700
50 50
0.0000
1.0000 1.0000 1.0000 1.0000 1.0000 1.0000 1.0000 1.0000 1.0000 1.0000 1.0000 1.0000 1.0000 1.0000 1.0000 1.0000 1.0000 1.0000 1.0000 1.0000 1.0000 1.0000 1.0000 1.0000 1.0000 1.0000 1.0000 1.0000 1.0000 1.0000 1.0000 1.0000 1.0000 1.0000 1.0000 1.0000 1.0000 1.0000 1.0000 1.0000 1.0000 1.0000 1.0000 1.0000 1.0000 1.0000 1.0000 1.0000 1.0000 1.0000
50 50
0.0000
0.9999 0.9999 0.9999 0.9999 0.9999 0.9999 0.9999 0.9999 0.9999 0.9999 0.9999 0.9999 0.9999 0.9999 0.9999 0.9999 0.9999 0.9999 0.9999 0.9999 0.9999 0.9999 0.9999 0.9999 0.9999 0.9999 0.9999 0.9999 0.9999 0.9999 0.9999 0.9999 0.9999 0.9999 0.9999 0.9999 0.9999 0.9999 0.9999 0.9999 0.9999 0.9999 0.9999 0.9999 0.9999 0.9999 0.9999 0.9999 0.9999 0.9999
50 50
18.0684
0.4159 0.5216 0.9050 0.0623 0.1791 0.5548 0.1505 0.7616 0.7959 0.7178 0.8711 0.4567 0.5854 0.3031 0.9226 0.0896 0.5888 0.7791 0.5366 0.4222 0.0037 0.2322 0.5330 0.0428 0.0724 0.0523 0.9184 0.1549 0.2622 0.7157 0.5330 0.0457 0.8170 0.6066 0.5395 0.7368 0.0553 0.9315 0.4937 0.7524 0.0712 0.0768 0.4950 0.7691 0.7837 0.4772 0.2235 0.4175 0.7338 0.1904
48 48
24.2425
0.6024 0.1920 0.0370 0.5861 0.6105 0.6224 0.2664 0.8083 0.2083 0.2623 0.8477 0.0163 0.3218 0.9977 0.9304 0.2822 0.9638 0.3533 0.3379 0.0822 0.5210 0.4640 0.5047 0.1484 0.1221 0.0638 0.5103 0.9151 0.9733 0.7815 0.6686 0.9959 0.1713 0.6294 0.4827 0.1934 0.4930 0.9838 0.0699 0.7791 0.1521 0.5711 0.7507 0.0803 0.0560 0.8114 0.0387 0.2019
46 46
17.2542
0.3738 0.9924 0.3414 0.4682 0.8155 0.8230 0.0100 0.7310 0.1861 0.2970 0.4180 0.3233 0.1130 0.6592 0.1819 0.0379 0.6043 0.9181 0.5066 0.0127 0.0877 0.6662 0.4257 0.8096 0.9607 0.9673 0.6868 0.3988 0.6795 0.4440 0.8671 0.4081 0.3688 0.7634 0.2994 0.0156 0.0994 0.7423 0.3317 0.9948 0.7779 0.1334 0.5211 0.7998 0.5647 0.6181
49 49
20.2139
0.8516 0.9282 0.7610 0.1922 0.0254 0.2108 0.3381 0.0330 0.3654 0.9668 0.5424 0.4386 0.9146 0.5491 0.7413 0.3092 0.0657 0.7467 0.1784 0.0423 0.4382 0.1683 0.8764 0.9470 0.3261 0.6513 0.5233 0.4019 0.0073 0.7573 0.7583 0.5517 0.9697 0.4222 0.4218 0.8943 0.1037 0.8525 0.2670 0.2464 0.7163 0.4008 0.0462 0.1987 0.2781 0.3831 0.6052 0.3691 0.4272
48 48
23.0611
0.9400 0.4726 0.6052 0.0931 0.2535 0.6736 0.1163 0.1548 0.3659 0.7228 0.2756 0.6193 0.5030 0.8330 0.0441 0.6083 0.4321 0.6593 0.0664 0.9090 0.6146 0.4921 0.1724 0.9722 0.5017 0.9881 0.7581 0.1586 0.1548 0.3042 0.4842 0.1762 0.8537 0.4562 0.4031 0.7798 0.8858 0.0590 0.1445 0.3262 0.3214 0.5681 0.4073 0.3695 0.0213 0.3479 0.3926 0.6867
48 48
15.7677
0.7628 0.9742 0.4258 0.6538 0.9795 0.5098 0.8124 0.4205 0.0224 0.7435 0.7663 0.7648 0.8705 0.5741 0.1741 0.1999 0.7768 0.6584 0.6886 0.3531 0.5216 0.5396 0.1586 0.9424 0.6781 0.5980 0.4874 0.1885 0.6399 0.5181 0.8153 0.9126 0.6910 0.6664 0.6777 0.2258 0.9852 0.0718 0.7651 0.8523 0.9039 0.1357 0.0361 0.7818 0.2018 0.7834 0.9219 0.2784
50 50
21.2887
0.7017 0.1941 0.2245 0.6529 0.8393 0.8391 0.6066 0.7127 0.2880 0.6823 0.5831 0.2641 0.7703 0.7942 0.4125 0.4454 0.2113 0.8431 0.0607 0.6390 0.1251 0.6985 0.5605 0.1872 0.4920 0.6994 0.3849 0.2037 0.1023 0.6606 0.7997 0.2750 0.2337 0.1401 0.4385 0.8780 0.4185 0.4369 0.3229 0.6061 0.7503 0.2526 0.7928 0.4564 0.1147 0.8192 0.1889 0.7498 0.2671 0.3498
47 47
15.4261
0.4991 0.6019 0.9089 0.9211 0.4995 0.4997 0.4980 0.4115 0.6682 0.5025 0.1278 0.4109 0.2675 0.0686 0.7194 0.8311 0.3668 0.4448 0.3976 0.5348 0.1184 0.9742 0.0823 0.4102 0.7203 0.2276 0.3238 0.9561 0.1659 0.2933 0.5192 0.3923 0.6034 0.1748 0.7599 0.8444 0.8371 0.1977 0.0083 0.8446 0.7237 0.7646 0.4925 0.8146 0.2417 0.8553 0.9530
50 50
17.8388
0.1593 0.6929 0.1129 0.7885 0.3467 0.8876 0.6090 0.5216 0.9345 0.5761 0.0724 0.6643 0.3372 0.0436 0.0850 0.8816 0.7342 0.2430 0.3195 0.4216 0.4567 0.9761 0.7619 0.0630 0.9837 0.6555 0.8001 0.8947 0.1259 0.4523 0.0491 0.9836 0.1037 0.0931 0.0875 0.1915 0.9366 0.0486 0.8482 0.5955 0.0931 0.0749 0.4947 0.4036 0.4835 0.0452 0.5561 0.7415 0.5577 0.9201
2 2
0.0000
1.0000 1.0000
48 48
22.6486
0.2559 0.3071 0.0322 0.3942 0.8349 0.7262 0.6752 0.1844 0.0100 0.3332 0.9989 0.2056 0.5166 0.7131 0.9437 0.3658 0.6558 0.3796 0.7256 0.7519 0.8312 0.9740 0.0959 0.0806 0.6416 0.6955 0.9472 0.0859 0.0815 0.3960 0.3128 0.9509 0.6173 0.6324 0.0328 0.7386 0.3203 0.8952 0.8835 0.0941 0.8370 0.5349 0.6447 0.7108 0.1594 0.8552 0.8734 0.3557
46 46
16.4817
0.8897 0.8870 0.6371 0.4334 0.6939 0.1933 0.4029 0.3714 0.4017 0.3771 0.8433 0.0055 0.8938 0.8668 0.9280 0.3064 0.1330 0.0154 0.3798 0.4489 0.0709 0.4028 0.3787 0.0814 0.8575 0.2509 0.9971 0.6854 0.2383 0.9126 0.2516 0.4681 0.9507 0.4764 0.4334 0.2846 0.4051 0.0450 0.3061 0.3302 0.0242 0.5729 0.9492 0.9715 0.1405 0.3768
48 48
18.3805
0.5429 0.7043 0.1271 0.9790 0.0327 0.7651 0.0312 0.7260 0.0944 0.4131 0.2191 0.1194 0.9947 0.8697 0.2024 0.0615 0.9225 0.5564 0.0626 0.5566 0.2093 0.0041 0.6454 0.0224 0.1059 0.9604 0.1094 0.9932 0.2801 0.4463 0.9434 0.8737 0.2035 0.9637 0.5427 0.0002 0.7201 0.9537 0.7084 0.8989 0.0733 0.9595 0.7539 0.3048 0.9945 0.0405 0.0907 0.1581
45 45
17.5114
0.6357 0.5518 0.9124 0.4167 0.8435 0.4620 0.0525 0.4076 0.6251 0.9688 0.3481 0.3166 0.5783 0.7073 0.1867 0.6954 0.8766 0.2697 0.3282 0.3571 0.1254 0.3476 0.8504 0.3815 0.9542 0.1581 0.4428 0.0364 0.1665 0.1180 0.9745 0.4957 0.1803 0.7980 0.0464 0.2680 0.6746 0.9612 0.8913 0.3357 0.7370 0.4279 0.5045 0.8193 0.5284
49 49
21.4858
0.7605 0.1368 0.2550 0.0868 0.1766 0.2399 0.5626 0.7728 0.3197 0.1420 0.9258 0.4311 0.2102 0.5734 0.4914 0.1093 0.4414 0.7206 0.2681 0.7287 0.0449 0.2842 0.0525 0.6455 0.9735 0.8533 0.4316 0.5102 0.0898 0.0343 0.1670 0.9445 0.9490 0.3807 0.1219 0.1010 0.0972 0.2573 0.4923 0.0836 0.5690 0.1285 0.5245 0.1961 0.4252 0.3418 0.1829 0.6735 0.7363
50 50
24.0290
0.0559 0.2127 0.6344 0.5342 0.8661 0.2696 0.0301 0.6097 0.6008 0.2686 0.7797 0.6481 0.1630 0.3620 0.7417 0.8587 0.8833 0.3487 0.9520 0.5307 0.9790 0.5303 0.1696 0.5541 0.4410 0.3268 0.7946 0.2205 0.0445 0.3414 0.2240 0.0641 0.7232 0.6971 0.7027 0.0985 0.4148 0.2338 0.6287 0.5778 0.3750 0.0204 0.8079 0.4393 0.4482 0.7018 0.1692 0.5909 0.5229 0.3512
48 48
19.8869
0.0763 0.3662 0.2829 0.1646 0.9917 0.5908 0.0238 0.1030 0.9533 0.1884 0.5132 0.9959 0.6896 0.0532 0.0728 0.7562 0.6364 0.1739 0.7023 0.3655 0.8712 0.8190 0.6442 0.9530 0.0645 0.3185 0.3456 0.8646 0.6072 0.6732 0.2118 0.1765 0.4854 0.4657 0.5384 0.6496 0.0269 0.8661 0.5883 0.9333 0.7942 0.8175 0.1231 0.8296 0.0708 0.1967 0.4378 0.0034
45 45
16.1260
0.6263 0.2721 0.3022 0.6463 0.6999 0.5424 0.7723 0.2729 0.3361 0.5184 0.7569 0.2387 0.8517 0.7070 0.8068 0.3584 0.8698 0.1924 0.2020 0.6594 0.2387 0.2384 0.9052 0.3261 0.8307 0.6058 0.3259 0.6276 0.5643 0.0973 0.3762 0.9894 0.0438 0.6105 0.7631 0.9814 0.1430 0.1701 0.3491 0.4943 0.1923 0.0614 0.5192 0.9764 0.3904
4 4
0.0001
0.0000 0.0000 0.0000 0.0000
50 50
33.3350
0.3333 0.3333 0.3333 0.3333 0.3333 0.3333 0.3333 0.3333 0.3333 0.3333 0.3333 0.3333 0.3333 0.3333 0.3333 0.3333 0.3333 0.3333 0.3333 0.3333 0.3333 0.3333 0.3333 0.3333 0.3333 0.3333 0.3333 0.3333 0.3333 0.3333 0.3333 0.3333 0.3333 0.3333 0.3333 0.3333 0.3333 0.3333 0.3333 0.3333 0.3333 0.3333 0.3333 0.3333 0.3333 0.3333 0.3333 0.3333 0.3333 0.3333
45 45
17.8447
0.6063 0.6572 0.5052 0.1949 0.9207 0.1860 0.9817 0.1077 0.2415 0.8215 0.4999 0.9150 0.0519 0.6231 0.0234 0.3826 0.5940 0.7999 0.6691 0.3704 0.1158 0.8917 0.6588 0.4030 0.0704 0.9810 0.2915 0.8081 0.8934 0.3933 0.0534 0.0936 0.9863 0.2724 0.0623 0.2729 0.4076 0.1736 0.1266 0.0470 0.1840 0.2743 0.2626 0.5438 0.8162
1 1
1.0000
0.0000
47 47
18.3746
0.1356 0.0326 0.7416 0.6833 0.1618 0.3587 0.5099 0.5974 0.5359 0.4375 0.4813 0.3653 0.6316 0.0479 0.9030 0.5491 0.4773 0.9121 0.9836 0.4692 0.5950 0.7434 0.5528 0.0745 0.8514 0.7892 0.8703 0.0583 0.1580 0.9479 0.8897 0.0074 0.0558 0.6275 0.0496 0.3479 0.7883 0.0260 0.7763 0.6182 0.0066 0.7673 0.8116 0.0090 0.0059 0.0222 0.9141
48 48
19.6566
0.1113 0.3124 0.5975 0.8593 0.8229 0.4821 0.2990 0.2927 0.6219 0.5059 0.3949 0.1067 0.6671 0.8814 0.2759 0.4670 0.1753 0.3497 0.4291 0.1985 0.4537 0.9467 0.7428 0.5750 0.4046 0.8621 0.6047 0.6502 0.5747 0.3528 0.8167 0.7892 0.3497 0.5960 0.0500 0.2182 0.2375 0.9481 0.7805 0.7004 0.3098 0.8106 0.8531 0.5060 0.3608 0.1581 0.9008 0.3472
50 50
1.0000
0.3333 0.3333 0.3333 0.3333 0.3333 0.3333 0.3333 0.3333 0.3333 0.3333 0.3333 0.3333 0.3333 0.3333 0.3333 0.3333 0.3333 0.3333 0.3333 0.3333 0.3333 0.3333 0.3333 0.3333 0.3333 0.3333 0.3333 0.3333 0.3333 0.3333 0.3333 0.3333 0.3333 0.3333 0.3333 0.3333 0.3333 0.3333 0.3333 0.3333 0.3333 0.3333 0.3333 0.3333 0.3333 0.3333 0.3333 0.3333 0.3333 0.3333
47 47
14.6921
0.2541 0.0293 0.4645 0.8850 0.5568 0.8433 0.5465 0.9284 0.1677 0.9339 0.8976 0.0606 0.7021 0.0194 0.9339 0.1358 0.2892 0.0796 0.5252 0.9788 0.7710 0.9358 0.8082 0.2171 0.3590 0.5806 0.4075 0.1421 0.5209 0.2215 0.4356 0.5521 0.0351 0.9188 0.6991 0.3824 0.9361 0.2168 0.7439 0.6944 0.9281 0.4238 0.6359 0.0019 0.7351 0.7905 0.7996
47 47
19.3877
0.1921 0.9922 0.5009 0.1413 0.7867 0.5765 0.7438 0.2988 0.9856 0.4600 0.8561 0.1382 0.7112 0.0151 0.4099 0.2080 0.4271 0.7091 0.9402 0.9210 0.1638 0.7213 0.3560 0.1404 0.7313 0.1698 0.7142 0.9548 0.6021 0.2618 0.6744 0.6919 0.6840 0.1659 0.9128 0.9462 0.7617 0.1938 0.5697 0.7071 0.1108 0.9317 0.8072 0.0791 0.2942 0.3625 0.0042
48 48
20.4533
0.1463 0.7251 0.4088 0.3035 0.9042 0.6983 0.2213 0.6129 0.1390 0.3880 0.8211 0.6525 0.6094 0.0799 0.2149 0.4908 0.2544 0.6307 0.4671 0.7445 0.8465 0.8479 0.3726 0.5863 0.6595 0.1582 0.1754 0.4127 0.6821 0.5519 0.7324 0.3191 0.0987 0.2403 0.8809 0.4919 0.8111 0.1294 0.3826 0.5431 0.5630 0.5625 0.9606 0.9272 0.3015 0.8429 0.2025 0.3469
50 50
0.0000
0.3333 0.3333 0.3333 0.3333 0.3333 0.3333 0.3333 0.3333 0.3333 0.3333 0.3333 0.3333 0.3333 0.3333 0.3333 0.3333 0.3333 0.3333 0.3333 0.3333 0.3333 0.3333 0.3333 0.3333 0.3333 0.3333 0.3333 0.3333 0.3333 0.3333 0.3333 0.3333 0.3333 0.3333 0.3333 0.3333 0.3333 0.3333 0.3333 0.3333 0.3333 0.3333 0.3333 0.3333 0.3333 0.3333 0.3333 0.3333 0.3333 0.3333
50 50
50.0000
0.0000 0.0000 0.0000 0.0000 0.0000 0.0000 0.0000 0.0000 0.0000 0.0000 0.0000 0.0000 0.0000 0.0000 0.0000 0.0000 0.0000 0.0000 0.0000 0.0000 0.0000 0.0000 0.0000 0.0000 0.0000 0.0000 0.0000 0.0000 0.0000 0.0000 0.0000 0.0000 0.0000 0.0000 0.0000 0.0000 0.0000 0.0000 0.0000 0.0000 0.0000 0.0000 0.0000 0.0000 0.0000 0.0000 0.0000 0.0000 0.0000 0.0000
50 50
17.3108
0.1932 0.8012 0.5405 0.6059 0.7392 0.7615 0.4556 0.3852 0.4846 0.9773 0.4453 0.5207 0.8103 0.7957 0.5444 0.7307 0.6759 0.3634 0.8814 0.4451 0.2362 0.2841 0.1528 0.3231 0.6371 0.3130 0.2121 0.9951 0.5129 0.1519 0.1645 0.0657 0.6114 0.7908 0.7206 0.3487 0.1502 0.4413 0.5405 0.5571 0.8723 0.3485 0.6946 0.5417 0.1349 0.6643 0.1918 0.7558 0.3111 0.2851
48 48
18.4435
0.6545 0.7802 0.1046 0.4983 0.5711 0.6251 0.0961 0.7194 0.7121 0.3040 0.5086 0.4673 0.5196 0.5203 0.6678 0.0464 0.3405 0.0263 0.2474 0.5889 0.6539 0.4335 0.4432 0.8089 0.4091 0.2799 0.7803 0.3805 0.6646 0.6927 0.0084 0.2290 0.8498 0.7530 0.5776 0.9034 0.1051 0.0823 0.3241 0.7313 0.4263 0.6658 0.3539 0.0508 0.0038 0.1627 0.5204 0.9032
45 45
3.5904
0.4654 0.6697 0.3308 0.7122 0.5221 0.3655 0.4820 0.5679 0.8465 0.3252 0.7248 0.1272 0.3085 0.7398 0.9563 0.2414 0.3028 0.4031 0.9111 0.4972 0.7715 0.4520 0.6942 0.3324 0.3233 0.5776 0.8075 0.1720 0.3448 0.3892 0.4465 0.2361 0.7976 0.4581 0.1036 0.8945 0.1018 0.4244 0.4568 0.1847 0.5127 0.2692 0.1824 0.8268 0.3880
47 47
14.7382
0.9730 0.1832 0.1457 0.3422 0.8945 0.5882 0.8453 0.6578 0.5563 0.0854 0.4064 0.6431 0.0396 0.4827 0.2304 0.2533 0.6099 0.9207 0.5288 0.6920 0.7333 0.1910 0.6784 0.8010 0.2141 0.8971 0.2155 0.2523 0.6382 0.8057 0.9746 0.7585 0.6088 0.6912 0.4143 0.6591 0.7423 0.9669 0.9188 0.5788 0.1469 0.0776 0.6478 0.1720 0.9290 0.5127 0.4334
47 47
18.6948
0.3051 0.5457 0.1663 0.7793 0.5085 0.5470 0.4142 0.3915 0.6132 0.3419 0.8201 0.2726 0.8727 0.6607 0.3733 0.6435 0.1265 0.8888 0.8906 0.9156 0.2755 0.3983 0.1665 0.4977 0.4301 0.0272 0.1160 0.9648 0.7777 0.0377 0.6260 0.1391 0.9027 0.7831 0.5051 0.7535 0.0863 0.6180 0.6463 0.7299 0.2877 0.9504 0.6366 0.6802 0.9479 0.4724 0.0926
49 49
26.7674
0.1228 0.4028 0.7938 0.2630 0.6658 0.1387 0.9220 0.1039 0.0390 0.8600 0.1287 0.0044 0.6300 0.2792 0.0121 0.1078 0.4705 0.8733 0.1563 0.0316 0.5632 0.0689 0.8944 0.0226 0.7003 0.8576 0.4982 0.1573 0.6980 0.5316 0.1365 0.8277 0.4680 0.0498 0.3178 0.7101 0.1865 0.4899 0.6467 0.0733 0.1130 0.4463 0.0463 0.5511 0.0576 0.3259 0.4020 0.8368 0.5390
50 50
0.6901
0.8265 0.6196 0.2443 0.7744 0.1546 0.6598 0.3512 0.0932 0.8871 0.5154 0.9641 0.3303 0.3724 0.2683 0.0507 0.7742 0.0539 0.2108 0.2791 0.7287 0.2215 0.6915 0.0770 0.8928 0.7417 0.1842 0.0857 0.6759 0.5160 0.7951 0.8091 0.1761 0.9926 0.8733 0.2665 0.3483 0.5983 0.3158 0.5109 0.3337 0.7205 0.8764 0.0863 0.7255 0.9318 0.2187 0.6986 0.1090 0.1224 0.9438
50 50
0.0000
0.0000 0.0000 0.0000 0.0000 0.0000 0.0000 0.0000 0.0000 0.0000 0.0000 0.0000 0.0000 0.0000 0.0000 0.0000 0.0000 0.0000 0.0000 0.0000 0.0000 0.0000 0.0000 0.0000 0.0000 0.0000 0.0000 0.0000 0.0000 0.0000 0.0000 0.0000 0.0000 0.0000 0.0000 0.0000 0.0000 0.0000 0.0000 0.0000 0.0000 0.0000 0.0000 0.0000 0.0000 0.0000 0.0000 0.0000 0.0000 0.0000 0.0000
47 47
15.8196
0.7553 0.5779 0.3953 0.8456 0.3585 0.6779 0.9810 0.2412 0.1039 0.7096 0.5926 0.8805 0.9027 0.6834 0.5895 0.8737 0.2367 0.8766 0.1711 0.7506 0.2574 0.8127 0.3966 0.9372 0.3030 0.0349 0.8312 0.0226 0.8902 0.6205 0.2825 0.9703 0.3105 0.4102 0.9278 0.4834 0.4903 0.4712 0.8014 0.1613 0.9810 0.5916 0.9195 0.2904 0.1044 0.3136 0.7658
47 47
0.5837
0.5603 0.2916 0.6696 0.6131 0.3793 0.2637 0.9137 0.4096 0.8738 0.5956 0.3154 0.3682 0.6248 0.7335 0.6048 0.1457 0.1213 0.8207 0.5026 0.5373 0.3950 0.8177 0.0343 0.8867 0.7999 0.7619 0.4499 0.8283 0.0082 0.8003 0.5064 0.8463 0.7167 0.9918 0.2756 0.1291 0.9160 0.5646 0.2976 0.7012 0.6586 0.0304 0.7741 0.3602 0.7970 0.4740 0.4186
46 46
19.8536
0.9788 0.4181 0.7445 0.0031 0.2831 0.9709 0.8726 0.2228 0.9731 0.1562 0.4147 0.1919 0.2826 0.9417 0.4239 0.3306 0.0872 0.5588 0.7759 0.4966 0.2463 0.3414 0.4520 0.6054 0.4891 0.9657 0.0765 0.6456 0.5053 0.8795 0.5663 0.0399 0.3599 0.0808 0.4421 0.2941 0.9166 0.0790 0.0941 0.5954 0.5289 0.3749 0.9649 0.0809 0.4148 0.4828
1 1
0.0000
1.0000
50 50
1.0000
0.0000 0.0000 0.0000 0.0000 0.0000 0.0000 0.0000 0.0000 0.0000 0.0000 0.0000 0.0000 0.0000 0.0000 0.0000 0.0000 0.0000 0.0000 0.0000 0.0000 0.0000 0.0000 0.0000 0.0000 0.0000 0.0000 0.0000 0.0000 0.0000 0.0000 0.0000 0.0000 0.0000 0.0000 0.0000 0.0000 0.0000 0.0000 0.0000 0.0000 0.0000 0.0000 0.0000 0.0000 0.0000 0.0000 0.0000 0.0000 0.0000 0.0000
1 1
0.5000
0.5000
47 47
14.9265
0.7330 0.7057 0.5673 0.4530 0.8887 0.7954 0.5335 0.8891 0.0136 0.6187 0.2637 0.9663 0.9904 0.7295 0.7150 0.9766 0.4867 0.6557 0.8957 0.7678 0.8777 0.1152 0.8991 0.4903 0.9495 0.1678 0.9996 0.9088 0.1238 0.8208 0.2810 0.3185 0.1409 0.4281 0.2775 0.6991 0.3886 0.9740 0.7030 0.2706 0.8309 0.5458 0.3155 0.7604 0.1970 0.8411 0.5368
50 50
20.6531
0.6901 0.0818 0.4925 0.9127 0.7866 0.9422 0.9350 0.3271 0.0362 0.8671 0.0882 0.9978 0.1049 0.9144 0.1862 0.0358 0.1168 0.1041 0.7950 0.5222 0.0923 1.0000 0.3944 0.1137 0.6409 0.1601 0.6432 0.9608 0.5658 0.8838 0.5862 0.7098 0.0245 0.6375 0.9284 0.0987 0.3460 0.1469 0.5816 0.9140 0.8256 0.8486 0.0140 0.7340 0.3884 0.7405 0.2394 0.0004 0.6984 0.8402
48 48
16.5212
0.4445 0.5685 0.2120 0.9755 0.9787 0.4533 0.7473 0.6688 0.2466 0.0614 0.2903 0.7891 0.7846 0.6533 0.2672 0.8441 0.3313 0.4189 0.6070 0.7231 0.1547 0.4550 0.2480 0.9346 0.1649 0.8097 0.3116 0.4154 0.2864 0.1464 0.8546 0.3995 0.5222 0.7719 0.4944 0.1496 0.8841 0.6448 0.7177 0.9714 0.5474 0.3212 0.7226 0.3265 0.3568 0.0490 0.6859 0.5170
48 48
18.3528
0.4415 0.1120 0.4675 0.0181 0.0543 0.6684 0.6368 0.5185 0.0264 0.1440 0.2816 0.8072 0.6174 0.1693 0.0053 0.7229 0.2067 0.6896 0.8253 0.2884 0.9186 0.5854 0.7298 0.9812 0.6301 0.5776 0.9750 0.2494 0.6940 0.4298 0.7769 0.3617 0.6932 0.5540 0.6258 0.7461 0.9696 0.9792 0.5965 0.7995 0.6123 0.6742 0.2847 0.4357 0.9539 0.0420 0.7326 0.9918
